1.953007e-07 3.552050e-17
1.998512e-07 3.093580e-17
2.045077e-07 2.694287e-17
2.092727e-07 2.346532e-17
2.141488e-07 2.043657e-17
2.191385e-07 1.779876e-17
2.242444e-07 1.550145e-17
2.294693e-07 1.350064e-17
2.348160e-07 1.175806e-17
2.402872e-07 1.024043e-17
2.458859e-07 8.918672e-18
2.516150e-07 7.767528e-18
2.574776e-07 6.764961e-18
2.634769e-07 5.891783e-18
2.696159e-07 5.131319e-18
2.758979e-07 4.469013e-18
2.823264e-07 3.892181e-18
2.889046e-07 3.389810e-18
2.956360e-07 2.952284e-18
3.025243e-07 2.571227e-18
3.095731e-07 2.239354e-18
3.167862e-07 1.950314e-18
3.241673e-07 1.698583e-18
3.317203e-07 1.479346e-18
3.394495e-07 1.288401e-18
3.473587e-07 1.122104e-18
3.554520e-07 9.772741e-19
3.637341e-07 8.511343e-19
3.722092e-07 7.412754e-19
3.808816e-07 6.455981e-19
3.897561e-07 5.622698e-19
3.988375e-07 4.896958e-19
4.081304e-07 4.264898e-19
4.176398e-07 3.714420e-19
4.273709e-07 3.234988e-19
4.373287e-07 2.817439e-19
4.475184e-07 2.453788e-19
4.579455e-07 2.137074e-19
4.686158e-07 1.861234e-19
4.795345e-07 1.621001e-19
4.907077e-07 1.411774e-19
5.021411e-07 1.229555e-19
5.138410e-07 1.070854e-19
5.258135e-07 9.326362e-20
5.380650e-07 8.122584e-20
5.506018e-07 7.074194e-20
5.634308e-07 6.161114e-20
5.765589e-07 5.365877e-20
5.899927e-07 4.673293e-20
6.037395e-07 4.070103e-20
6.178066e-07 3.544767e-20
6.322015e-07 3.087236e-20
6.469318e-07 2.688760e-20
6.620052e-07 2.341719e-20
6.774301e-07 2.039465e-20
6.932140e-07 1.776231e-20
7.093660e-07 1.546967e-20
7.258941e-07 1.347299e-20
7.428076e-07 1.173398e-20
7.601150e-07 1.021946e-20
7.778256e-07 8.900415e-21
7.959489e-07 7.751623e-21
8.144946e-07 6.751101e-21
8.334723e-07 5.879724e-21
8.528923e-07 5.120813e-21
8.727645e-07 4.459865e-21
8.931000e-07 3.884219e-21
9.139092e-07 3.382876e-21
9.352033e-07 2.946241e-21
9.569935e-07 2.565965e-21
9.792915e-07 2.234770e-21
1.002109e-06 1.946324e-21
1.025458e-06 1.695110e-21
1.049351e-06 1.476320e-21
1.073801e-06 1.285768e-21
1.098821e-06 1.119809e-21
1.124423e-06 9.752757e-22
1.150622e-06 8.493954e-22
1.177432e-06 7.397605e-22
1.204866e-06 6.442788e-22
1.232939e-06 5.611216e-22
1.261667e-06 4.886955e-22
1.291064e-06 4.256184e-22
1.321146e-06 3.706827e-22
1.351928e-06 3.228391e-22
1.383428e-06 2.811696e-22
1.415662e-06 2.448785e-22
1.448647e-06 2.132716e-22
1.482400e-06 1.857446e-22
1.516940e-06 1.617702e-22
1.552285e-06 1.408901e-22
1.588453e-06 1.227053e-22
1.625464e-06 1.068676e-22
1.663337e-06 9.307413e-23
1.702093e-06 8.106085e-23
1.741752e-06 7.059816e-23
1.782335e-06 6.148593e-23
1.823863e-06 5.354993e-23
1.866359e-06 4.663818e-23
1.909845e-06 4.061856e-23
1.954345e-06 3.537581e-23
1.999881e-06 3.080984e-23
2.046478e-06 2.683320e-23
2.094161e-06 2.336981e-23
2.142956e-06 2.035339e-23
2.192885e-06 1.772645e-23
2.243981e-06 1.543841e-23
2.296265e-06 1.344579e-23
2.349767e-06 1.171036e-23
2.404517e-06 1.019889e-23
2.460543e-06 8.882496e-24
2.517873e-06 7.736041e-24
2.576540e-06 6.737539e-24
2.636573e-06 5.867928e-24
2.698005e-06 5.110556e-24
2.760868e-06 4.450941e-24
2.825197e-06 3.876452e-24
2.891025e-06 3.376113e-24
2.958385e-06 2.940364e-24
3.027315e-06 2.560854e-24
3.097853e-06 2.230319e-24
3.170032e-06 1.942457e-24
3.243894e-06 1.691745e-24
3.319476e-06 1.473395e-24
3.396820e-06 1.283225e-24
3.475967e-06 1.117599e-24
3.556956e-06 9.733534e-25
3.639834e-06 8.477229e-25
3.724642e-06 7.383089e-25
3.811425e-06 6.430180e-25
3.900231e-06 5.600252e-25
3.991108e-06 4.877428e-25
4.084100e-06 4.247916e-25
4.179259e-06 3.699652e-25
4.276637e-06 3.222143e-25
4.376282e-06 2.806274e-25
4.478249e-06 2.444080e-25
4.582593e-06 2.128629e-25
4.689368e-06 1.853894e-25
4.798630e-06 1.614621e-25
4.910438e-06 1.406229e-25
5.024851e-06 1.224735e-25
5.141930e-06 1.066665e-25
5.261736e-06 9.289972e-26
5.384335e-06 8.090967e-26
5.509789e-06 7.046725e-26
5.638169e-06 6.137240e-26
5.769537e-06 5.345159e-26
5.903967e-06 4.655301e-26
6.041531e-06 4.054473e-26
6.182299e-06 3.531196e-26
6.326346e-06 3.075459e-26
6.473750e-06 2.678539e-26
6.624587e-06 2.332850e-26
6.778940e-06 2.031775e-26
6.936889e-06 1.769557e-26
7.098519e-06 1.541181e-26
7.263915e-06 1.342280e-26
7.433164e-06 1.169050e-26
7.606356e-06 1.018178e-26
7.783585e-06 8.867768e-27
7.964942e-06 7.723349e-27
8.150526e-06 6.726621e-27
8.340433e-06 5.858536e-27
8.534765e-06 5.102484e-27
8.733625e-06 4.444006e-27
8.937119e-06 3.870508e-27
9.145354e-06 3.371025e-27
9.358440e-06 2.936005e-27
9.576492e-06 2.557125e-27
9.799623e-06 2.227143e-27
1.002796e-05 1.939738e-27
1.026161e-05 1.689431e-27
1.050070e-05 1.471431e-27
1.074537e-05 1.281556e-27
1.099573e-05 1.116191e-27
1.125194e-05 9.721573e-28
1.151411e-05 8.467157e-28
1.178238e-05 7.374652e-28
1.205691e-05 6.423094e-28
1.233784e-05 5.594320e-28
1.262531e-05 4.872508e-28
1.291948e-05 4.243836e-28
1.322051e-05 3.696277e-28
1.352854e-05 3.219395e-28
1.384376e-05 2.804032e-28
1.416632e-05 2.442270e-28
1.449639e-05 2.127193e-28
1.483416e-05 1.852763e-28
1.517980e-05 1.613743e-28
1.553348e-05 1.405571e-28
1.589541e-05 1.224253e-28
1.626578e-05 1.066326e-28
1.664477e-05 9.287792e-29
1.703259e-05 8.089782e-29
1.742945e-05 7.046324e-29
1.783556e-05 6.137478e-29
1.825113e-05 5.345888e-29
1.867638e-05 4.656424e-29
1.911155e-05 4.057352e-29
1.955685e-05 3.529203e-29
2.001251e-05 3.080099e-29
2.047880e-05 2.681663e-29
2.095596e-05 2.336076e-29
2.144424e-05 2.033682e-29
2.194387e-05 1.771661e-29
2.245517e-05 1.544436e-29
2.297838e-05 1.343654e-29
2.351378e-05 1.170623e-29
2.406165e-05 1.020714e-29
2.462228e-05 8.886332e-30
2.519599e-05 7.740480e-30
2.578305e-05 6.743194e-30
2.638380e-05 5.871890e-30
2.699854e-05 5.117669e-30
2.762760e-05 4.456673e-30
2.827133e-05 3.882712e-30
2.893006e-05 3.381936e-30
2.960412e-05 2.947351e-30
3.029390e-05 2.566861e-30
3.099973e-05 2.236997e-30
3.172204e-05 1.948893e-30
3.246116e-05 1.697346e-30
3.321751e-05 1.479298e-30
3.399148e-05 1.288733e-30
3.478347e-05 1.122939e-30
3.559393e-05 9.783917e-31
3.642327e-05 8.524645e-31
3.727194e-05 7.428923e-31
3.814036e-05 6.473541e-31
3.902903e-05 5.640827e-31
3.993841e-05 4.915289e-31
4.086898e-05 4.283307e-31
4.182122e-05 3.732789e-31
4.279566e-05 3.253074e-31
4.379280e-05 2.835195e-31
4.481318e-05 2.470998e-31
4.585732e-05 2.153707e-31
4.692580e-05 1.877169e-31
4.801916e-05 1.636195e-31
4.913800e-05 1.426154e-31
5.028294e-05 1.243217e-31
5.145453e-05 1.083810e-31
5.265342e-05 9.448287e-32
5.388024e-05 8.237343e-32
5.513564e-05 7.182067e-32
5.642030e-05 6.262269e-32
5.773490e-05 5.460466e-32
5.908011e-05 4.761873e-32
6.045668e-05 4.152723e-32
6.186534e-05 3.621848e-32
6.330680e-05 3.158997e-32
6.478183e-05 2.755532e-32
6.629126e-05 2.403823e-32
6.783584e-05 2.097129e-32
6.941641e-05 1.829777e-32
7.103382e-05 1.596635e-32
7.268891e-05 1.393321e-32
7.438256e-05 1.216041e-32
7.611567e-05 1.061432e-32
7.788918e-05 9.265845e-33
7.970398e-05 8.089658e-33
8.156109e-05 7.063676e-33
8.346146e-05 6.168638e-33
8.540612e-05 5.387811e-33
8.739608e-05 4.706494e-33
8.943241e-05 4.111995e-33
9.151618e-05 3.593202e-33
9.364851e-05 3.140401e-33
9.583052e-05 2.745176e-33
9.806338e-05 2.400153e-33
1.003482e-04 2.098944e-33
1.026864e-04 1.835903e-33
1.050790e-04 1.606215e-33
1.075273e-04 1.405599e-33
1.100327e-04 1.230350e-33
1.125964e-04 1.077246e-33
1.152199e-04 9.434547e-34
1.179046e-04 8.265227e-34
1.206517e-04 7.243156e-34
1.234629e-04 6.349535e-34
1.263396e-04 5.568089e-34
1.292833e-04 4.884608e-34
1.322956e-04 4.286658e-34
1.353781e-04 3.763421e-34
1.385324e-04 3.305452e-34
1.417602e-04 2.904505e-34
1.450632e-04 2.553379e-34
1.484432e-04 2.245798e-34
1.519019e-04 1.976284e-34
1.554413e-04 1.740041e-34
1.590630e-04 1.532909e-34
1.627692e-04 1.351222e-34
1.665617e-04 1.191804e-34
1.704426e-04 1.051868e-34
1.744139e-04 9.289839e-35
1.784778e-04 8.210270e-35
1.826363e-04 7.261448e-35
1.868917e-04 6.427120e-35
1.912464e-04 5.693103e-35
1.957023e-04 5.047052e-35
2.002621e-04 4.478077e-35
2.049283e-04 3.976695e-35
2.097031e-04 3.534642e-35
2.145891e-04 3.144655e-35
2.195891e-04 2.800362e-35
2.247055e-04 2.496226e-35
2.299412e-04 2.227365e-35
2.352989e-04 1.989520e-35
2.407814e-04 1.778956e-35
2.463915e-04 1.592401e-35
2.521324e-04 1.426977e-35
2.580071e-04 1.280170e-35
2.640188e-04 1.149770e-35
2.701704e-04 1.033844e-35
2.764653e-04 9.306878e-36
2.829070e-04 8.388052e-36
2.894987e-04 7.568871e-36
2.962440e-04 6.837772e-36
3.031465e-04 6.184616e-36
3.102098e-04 5.600478e-36
3.174378e-04 5.077491e-36
3.248339e-04 4.608761e-36
3.324026e-04 4.188157e-36
3.401477e-04 3.810317e-36
3.480731e-04 3.470509e-36
3.561832e-04 3.164538e-36
3.644823e-04 2.888705e-36
3.729747e-04 2.639749e-36
3.816651e-04 2.414774e-36
3.905577e-04 2.211231e-36
3.996578e-04 2.026845e-36
4.089697e-04 1.859617e-36
4.184987e-04 1.707759e-36
4.282498e-04 1.569694e-36
4.382280e-04 1.444017e-36
4.484387e-04 1.329480e-36
4.588874e-04 1.224968e-36
4.695794e-04 1.129495e-36
4.805206e-04 1.042175e-36
4.917167e-04 9.622212e-37
5.031738e-04 8.889280e-37
5.148976e-04 8.216681e-37
5.268949e-04 7.598748e-37
5.391715e-04 7.030460e-37
5.517341e-04 6.507273e-37
5.645896e-04 6.025112e-37
5.777444e-04 5.580336e-37
5.912059e-04 5.169638e-37
6.049810e-04 4.790064e-37
6.190771e-04 4.438937e-37
6.335016e-04 4.113845e-37
6.482622e-04 3.812607e-37
6.633666e-04 3.533253e-37
6.788231e-04 3.273991e-37
6.946397e-04 3.033206e-37
7.108249e-04 2.809427e-37
7.273870e-04 2.601326e-37
7.443352e-04 2.407684e-37
7.616783e-04 2.227402e-37
7.794252e-04 2.059479e-37
7.975859e-04 1.902996e-37
8.161697e-04 1.757124e-37
8.351864e-04 1.621104e-37
8.546462e-04 1.494242e-37
8.745595e-04 1.375907e-37
8.949368e-04 1.265521e-37
9.157887e-04 1.162559e-37
9.371265e-04 1.066538e-37
9.589617e-04 9.770177e-38
9.813056e-04 8.935963e-38
1.004170e-03 8.159051e-38
1.027567e-03 7.436061e-38
1.051509e-03 6.763885e-38
1.076010e-03 6.139631e-38
1.101081e-03 5.560704e-38
1.126736e-03 5.024630e-38
1.152989e-03 4.529112e-38
1.179853e-03 4.072018e-38
1.207344e-03 3.651286e-38
1.235475e-03 3.265010e-38
1.264262e-03 2.911319e-38
1.293719e-03 2.588436e-38
1.323863e-03 2.294601e-38
1.354709e-03 2.028115e-38
1.386273e-03 1.787302e-38
1.418573e-03 1.570497e-38
1.451626e-03 1.376070e-38
1.485449e-03 1.202416e-38
1.520060e-03 1.047952e-38
1.555477e-03 9.111320e-39
1.591720e-03 7.904417e-39
1.628807e-03 6.844264e-39
1.666758e-03 5.916822e-39
1.705594e-03 5.108696e-39
1.745334e-03 4.407275e-39
1.786000e-03 3.800679e-39
1.827614e-03 3.277884e-39
1.870198e-03 2.828738e-39
1.913773e-03 2.443978e-39
1.958364e-03 2.115181e-39
2.003994e-03 1.834801e-39
2.050688e-03 1.596103e-39
2.098468e-03 1.393146e-39
2.147363e-03 1.220688e-39
2.197395e-03 1.074181e-39
2.248596e-03 9.496617e-40
2.300987e-03 8.437464e-40
2.354600e-03 7.535139e-40
2.409463e-03 6.764896e-40
2.465604e-03 6.105752e-40
2.523051e-03 5.540022e-40
2.581840e-03 5.052778e-40
2.641995e-03 4.631626e-40
2.703555e-03 4.266119e-40
2.766546e-03 3.947633e-40
2.831007e-03 3.668940e-40
2.896970e-03 3.424067e-40
2.964469e-03 3.208040e-40
3.033541e-03 3.016729e-40
3.104224e-03 2.846689e-40
3.176552e-03 2.695059e-40
3.250565e-03 2.559433e-40
3.326303e-03 2.437794e-40
3.403807e-03 2.328439e-40
3.483114e-03 2.229932e-40
3.564271e-03 2.141035e-40
3.647319e-03 2.060696e-40
3.732301e-03 1.988006e-40
3.819263e-03 1.922172e-40
3.908253e-03 1.862503e-40
3.999315e-03 1.808395e-40
4.092499e-03 1.759311e-40
4.187855e-03 1.714777e-40
4.285431e-03 1.674369e-40
4.385282e-03 1.637709e-40
4.487460e-03 1.604458e-40
4.592017e-03 1.574310e-40
4.699012e-03 1.546991e-40
4.808499e-03 1.522254e-40
4.920536e-03 1.499871e-40
5.035185e-03 1.479643e-40
5.152505e-03 1.461382e-40
5.272558e-03 1.444922e-40
5.395408e-03 1.430114e-40
5.521122e-03 1.416820e-40
5.649763e-03 1.404914e-40
5.781403e-03 1.394285e-40
5.916109e-03 1.384830e-40
6.053955e-03 1.376456e-40
6.195011e-03 1.369082e-40
6.339356e-03 1.362629e-40
6.487064e-03 1.357033e-40
6.638212e-03 1.352229e-40
6.792882e-03 1.348163e-40
6.951155e-03 1.344786e-40
7.113118e-03 1.342053e-40
7.278853e-03 1.339925e-40
7.448452e-03 1.338367e-40
7.622001e-03 1.337350e-40
7.799592e-03 1.336843e-40
7.981323e-03 1.336825e-40
8.167287e-03 1.337274e-40
8.357586e-03 1.338175e-40
8.552317e-03 1.339513e-40
8.751586e-03 1.341276e-40
8.955498e-03 1.343453e-40
9.164160e-03 1.346041e-40
9.377686e-03 1.349034e-40
9.596187e-03 1.352431e-40
9.819778e-03 1.356230e-40
1.004858e-02 1.360435e-40
1.028271e-02 1.365050e-40
1.052230e-02 1.370081e-40
1.076747e-02 1.375537e-40
1.101835e-02 1.381429e-40
1.127508e-02 1.387769e-40
1.153779e-02 1.394571e-40
1.180662e-02 1.401854e-40
1.208171e-02 1.409635e-40
1.236321e-02 1.417937e-40
1.265128e-02 1.426784e-40
1.294605e-02 1.436203e-40
1.324770e-02 1.446221e-40
1.355636e-02 1.456872e-40
1.387223e-02 1.468192e-40
1.419545e-02 1.480219e-40
1.452621e-02 1.492997e-40
1.486467e-02 1.506570e-40
1.521101e-02 1.520990e-40
1.556543e-02 1.536313e-40
1.592811e-02 1.552598e-40
1.629923e-02 1.569913e-40
1.667900e-02 1.588330e-40
1.706762e-02 1.607927e-40
1.746530e-02 1.628791e-40
1.787224e-02 1.651019e-40
1.828866e-02 1.674713e-40
1.871479e-02 1.699988e-40
1.915084e-02 1.726973e-40
1.959706e-02 1.755805e-40
2.005368e-02 1.786638e-40
2.052093e-02 1.819644e-40
2.099905e-02 1.855010e-40
2.148833e-02 1.892946e-40
2.198901e-02 1.933684e-40
2.250136e-02 1.977484e-40
2.302563e-02 2.024638e-40
2.356214e-02 2.075469e-40
2.411113e-02 2.130342e-40
2.467293e-02 2.189667e-40
2.524780e-02 2.253907e-40
2.583607e-02 2.323584e-40
2.643806e-02 2.399290e-40
2.705406e-02 2.481698e-40
2.768443e-02 2.571576e-40
2.832946e-02 2.669801e-40
2.898955e-02 2.777377e-40
2.966500e-02 2.895458e-40
3.035619e-02 3.025374e-40
3.106350e-02 3.168664e-40
3.178727e-02 3.327107e-40
3.252792e-02 3.502779e-40
3.328582e-02 3.698089e-40
3.406137e-02 3.915855e-40
3.485502e-02 4.159380e-40
3.566714e-02 4.432525e-40
3.649818e-02 4.739820e-40
3.734858e-02 5.086587e-40
3.821880e-02 5.479040e-40
3.910930e-02 5.924437e-40
4.002055e-02 6.431194e-40
4.095303e-02 7.008959e-40
4.190724e-02 7.668595e-40
4.288367e-02 8.422050e-40
4.388286e-02 9.281856e-40
4.490534e-02 1.026019e-39
4.595162e-02 1.136715e-39
4.702229e-02 1.260792e-39
4.811793e-02 1.397853e-39
4.923906e-02 1.545999e-39
5.038634e-02 1.701157e-39
5.156034e-02 1.856486e-39
5.276169e-02 2.002242e-39
5.399105e-02 2.126509e-39
5.524903e-02 2.217134e-39
5.653634e-02 2.264569e-39
5.785363e-02 2.264576e-39
5.920163e-02 2.219465e-39
6.058103e-02 2.137246e-39
6.199256e-02 2.029189e-39
6.343698e-02 1.907004e-39
6.491507e-02 1.780814e-39
6.642758e-02 1.658200e-39
6.797535e-02 1.544160e-39
6.955917e-02 1.441564e-39
7.117990e-02 1.351752e-39
7.283840e-02 1.275091e-39
7.453553e-02 1.211407e-39
7.627220e-02 1.160292e-39
7.804936e-02 1.121310e-39
7.986791e-02 1.094136e-39
8.172883e-02 1.078657e-39
8.363311e-02 1.075036e-39
8.558177e-02 1.083790e-39
8.757581e-02 1.105858e-39
8.961632e-02 1.142696e-39
9.170440e-02 1.196385e-39
9.384110e-02 1.269773e-39
9.602760e-02 1.366617e-39
9.826505e-02 1.491712e-39
1.005546e-01 1.650904e-39
1.028976e-01 1.850785e-39
1.052951e-01 2.097676e-39
1.077484e-01 2.395209e-39
1.102590e-01 2.739765e-39
1.128280e-01 3.113578e-39
1.154569e-01 3.478371e-39
1.181470e-01 3.776999e-39
1.208999e-01 3.951590e-39
1.237168e-01 3.973078e-39
1.265994e-01 3.858508e-39
1.295492e-01 3.659319e-39
1.325677e-01 3.433873e-39
1.356565e-01 3.227852e-39
1.388173e-01 3.069967e-39
1.420518e-01 2.976743e-39
1.453616e-01 2.959285e-39
1.487485e-01 3.029034e-39
1.522143e-01 3.202309e-39
1.557609e-01 3.504220e-39
1.593902e-01 3.971773e-39
1.631039e-01 4.653543e-39
1.669043e-01 5.596261e-39
1.707931e-01 6.795485e-39
1.747726e-01 8.088162e-39
1.788448e-01 9.066665e-39
1.830119e-01 9.286098e-39
1.872761e-01 8.726433e-39
1.916396e-01 7.806548e-39
1.960674e-01 6.950560e-39
2.005975e-01 6.353880e-39
2.052324e-01 6.081848e-39
2.099743e-01 6.164337e-39
2.148256e-01 6.654886e-39
2.197892e-01 7.658254e-39
2.248674e-01 9.318054e-39
2.300630e-01 1.166971e-38
2.353785e-01 1.418462e-38
2.408169e-01 1.544709e-38
2.463810e-01 1.456756e-38
2.520736e-01 1.258317e-38
2.578977e-01 1.085548e-38
2.638563e-01 9.930157e-39
2.699528e-01 9.931935e-39
2.761901e-01 1.100723e-38
2.825713e-01 1.349982e-38
2.891002e-01 1.776928e-38
2.957797e-01 2.280236e-38
3.026138e-01 2.449101e-38
3.096055e-01 2.130328e-38
3.167591e-01 1.738368e-38
3.240778e-01 1.525692e-38
3.315655e-01 1.532522e-38
3.392262e-01 1.793622e-38
3.470640e-01 2.388071e-38
3.550829e-01 3.200195e-38
3.632872e-01 3.400754e-38
3.716807e-01 2.770443e-38
3.802684e-01 2.215720e-38
3.854081e-01 2.076277e-38
3.906171e-01 2.084010e-38
3.958964e-01 2.252398e-38
4.012470e-01 2.615132e-38
4.066701e-01 3.210722e-38
4.121665e-01 3.993686e-38
4.177372e-01 4.645768e-38
4.233830e-01 4.676393e-38
4.291054e-01 4.112710e-38
4.349049e-01 3.449560e-38
4.407828e-01 2.989812e-38
4.467403e-01 2.795979e-38
4.527781e-01 2.872951e-38
4.588977e-01 3.254705e-38
4.650998e-01 4.009135e-38
4.713860e-01 5.106584e-38
4.777571e-01 6.031558e-38
4.842140e-01 5.920981e-38
4.907586e-01 4.981530e-38
4.973914e-01 4.093039e-38
5.041138e-01 3.613318e-38
5.109273e-01 3.573128e-38
5.178326e-01 4.005183e-38
5.248314e-01 5.022030e-38
5.319248e-01 6.598570e-38
5.391141e-01 7.781132e-38
5.464003e-01 7.209757e-38
5.537852e-01 5.774394e-38
5.612699e-01 4.774235e-38
5.688558e-01 4.474171e-38
5.743108e-01 4.691982e-38
5.798181e-01 5.317014e-38
5.853782e-01 6.419919e-38
5.909916e-01 7.937256e-38
5.966588e-01 9.291940e-38
6.023804e-01 9.459692e-38
6.081570e-01 8.346614e-38
6.139889e-01 6.946435e-38
6.198766e-01 5.934489e-38
6.258209e-01 5.452695e-38
6.318221e-01 5.494060e-38
6.378809e-01 6.096757e-38
6.439978e-01 7.370981e-38
6.501735e-01 9.320652e-38
6.564081e-01 1.122173e-37
6.627026e-01 1.146672e-37
6.690577e-01 9.891682e-38
6.754734e-01 8.079099e-38
6.819508e-01 6.926990e-38
6.884904e-01 6.550632e-38
6.950926e-01 6.946655e-38
7.017582e-01 8.227646e-38
7.084875e-01 1.050147e-37
7.152815e-01 1.306033e-37
7.221406e-01 1.362466e-37
7.290655e-01 1.160892e-37
7.360569e-01 9.305471e-38
7.431153e-01 7.967625e-38
7.502412e-01 7.703132e-38
7.574356e-01 8.533728e-38
7.630694e-01 1.006826e-37
7.687452e-01 1.243028e-37
7.744634e-01 1.504221e-37
7.802239e-01 1.623224e-37
7.860272e-01 1.494604e-37
7.918738e-01 1.250659e-37
7.977639e-01 1.046599e-37
8.036978e-01 9.308608e-38
8.096757e-01 9.039259e-38
8.156981e-01 9.662232e-38
8.217655e-01 1.130453e-37
8.278778e-01 1.406833e-37
8.340357e-01 1.730498e-37
8.402394e-01 1.875158e-37
8.464891e-01 1.696030e-37
8.527854e-01 1.390619e-37
8.591286e-01 1.158202e-37
8.655188e-01 1.045607e-37
8.719566e-01 1.049460e-37
8.784424e-01 1.175958e-37
8.849763e-01 1.446835e-37
8.915589e-01 1.842663e-37
8.981905e-01 2.143249e-37
9.048713e-01 2.035111e-37
9.116018e-01 1.666939e-37
9.183824e-01 1.359013e-37
9.252134e-01 1.207139e-37
9.320953e-01 1.209155e-37
9.390284e-01 1.372713e-37
9.460129e-01 1.724956e-37
9.517622e-01 2.121648e-37
9.575464e-01 2.421813e-37
9.633659e-01 2.369973e-37
9.692205e-01 2.030589e-37
9.751108e-01 1.676071e-37
9.810370e-01 1.441482e-37
9.869991e-01 1.342787e-37
9.929975e-01 1.374405e-37
9.990325e-01 1.546046e-37
1.005104e+00 1.879984e-37
1.011212e+00 2.350338e-37
1.017358e+00 2.731407e-37
1.023541e+00 2.675149e-37
1.029761e+00 2.260760e-37
1.036019e+00 1.848029e-37
1.042316e+00 1.595922e-37
1.048650e+00 1.515377e-37
1.055023e+00 1.601878e-37
1.061435e+00 1.875146e-37
1.067886e+00 2.353159e-37
1.074376e+00 2.903706e-37
1.080905e+00 3.086064e-37
1.087474e+00 2.702638e-37
1.094083e+00 2.177937e-37
1.100732e+00 1.823988e-37
1.107422e+00 1.686246e-37
1.114152e+00 1.755485e-37
1.120923e+00 2.052059e-37
1.127736e+00 2.603738e-37
1.134589e+00 3.252142e-37
1.140419e+00 3.453933e-37
1.146279e+00 3.126358e-37
1.152169e+00 2.591973e-37
1.158089e+00 2.166338e-37
1.164040e+00 1.933054e-37
1.170021e+00 1.886485e-37
1.176033e+00 2.026024e-37
1.182076e+00 2.375965e-37
1.188150e+00 2.947813e-37
1.194255e+00 3.584207e-37
1.200392e+00 3.818407e-37
1.206560e+00 3.414880e-37
1.212760e+00 2.793119e-37
1.218991e+00 2.327337e-37
1.225255e+00 2.097755e-37
1.231550e+00 2.093123e-37
1.237879e+00 2.319997e-37
1.244239e+00 2.813719e-37
1.250633e+00 3.547000e-37
1.257059e+00 4.162028e-37
1.263518e+00 4.061275e-37
1.270011e+00 3.386209e-37
1.276536e+00 2.745172e-37
1.283095e+00 2.378021e-37
1.289688e+00 2.290375e-37
1.296316e+00 2.477516e-37
1.302976e+00 2.976527e-37
1.309671e+00 3.783835e-37
1.316401e+00 4.531291e-37
1.323165e+00 4.467612e-37
1.329055e+00 3.809643e-37
1.334970e+00 3.132787e-37
1.340912e+00 2.688101e-37
1.346881e+00 2.500487e-37
1.352876e+00 2.556150e-37
1.358898e+00 2.870100e-37
1.364946e+00 3.478929e-37
1.371022e+00 4.327743e-37
1.377124e+00 5.001757e-37
1.383254e+00 4.883775e-37
1.389411e+00 4.125023e-37
1.395595e+00 3.368147e-37
1.401807e+00 2.897670e-37
1.408046e+00 2.731742e-37
1.414314e+00 2.857051e-37
1.420609e+00 3.300750e-37
1.426932e+00 4.095875e-37
1.433283e+00 5.062927e-37
1.439663e+00 5.507775e-37
1.446071e+00 4.953888e-37
1.452507e+00 4.020107e-37
1.458973e+00 3.322779e-37
1.465467e+00 2.990913e-37
1.471989e+00 3.004453e-37
1.478541e+00 3.375461e-37
1.485122e+00 4.155897e-37
1.491733e+00 5.250118e-37
1.498372e+00 5.972402e-37
1.505042e+00 5.534600e-37
1.511741e+00 4.486038e-37
1.517676e+00 3.734150e-37
1.523635e+00 3.316438e-37
1.529617e+00 3.220937e-37
1.535622e+00 3.442159e-37
1.541651e+00 4.017054e-37
1.547704e+00 4.964615e-37
1.553780e+00 6.033627e-37
1.559880e+00 6.457592e-37
1.566005e+00 5.807346e-37
1.572153e+00 4.755186e-37
1.578325e+00 3.946333e-37
1.584522e+00 3.528997e-37
1.590743e+00 3.482782e-37
1.596989e+00 3.809648e-37
1.603258e+00 4.560568e-37
1.609553e+00 5.715525e-37
1.615872e+00 6.792629e-37
1.622216e+00 6.819634e-37
1.628585e+00 5.794318e-37
1.634979e+00 4.687240e-37
1.641398e+00 3.989672e-37
1.647843e+00 3.740413e-37
1.654312e+00 3.916736e-37
1.660807e+00 4.557201e-37
1.667328e+00 5.702048e-37
1.673874e+00 7.030219e-37
1.680446e+00 7.462028e-37
1.687043e+00 6.511717e-37
1.693667e+00 5.224134e-37
1.700316e+00 4.356590e-37
1.706288e+00 4.023607e-37
1.712280e+00 4.082640e-37
1.718294e+00 4.550970e-37
1.724328e+00 5.483636e-37
1.730384e+00 6.808796e-37
1.736462e+00 7.914608e-37
1.742560e+00 7.811063e-37
1.748680e+00 6.638873e-37
1.754821e+00 5.411664e-37
1.760984e+00 4.621671e-37
1.767169e+00 4.310099e-37
1.773375e+00 4.449280e-37
1.779603e+00 5.070273e-37
1.785853e+00 6.228672e-37
1.792125e+00 7.723636e-37
1.798419e+00 8.603248e-37
1.804735e+00 7.955829e-37
1.811074e+00 6.517650e-37
1.817434e+00 5.337907e-37
1.823817e+00 4.707787e-37
1.830222e+00 4.604110e-37
1.836650e+00 5.021970e-37
1.843100e+00 6.029641e-37
1.849573e+00 7.595041e-37
1.856069e+00 9.007012e-37
1.862588e+00 8.905177e-37
1.869129e+00 7.446151e-37
1.875693e+00 5.998349e-37
1.882281e+00 5.146238e-37
1.888892e+00 4.906812e-37
1.894893e+00 5.196659e-37
1.900913e+00 6.016258e-37
1.906952e+00 7.402354e-37
1.913010e+00 9.029564e-37
1.919088e+00 9.793582e-37
1.925184e+00 8.923690e-37
1.931301e+00 7.331695e-37
1.937437e+00 6.052276e-37
1.943592e+00 5.357030e-37
1.949766e+00 5.218903e-37
1.955961e+00 5.628295e-37
1.962176e+00 6.651180e-37
1.968409e+00 8.291394e-37
1.974663e+00 9.978340e-37
1.980937e+00 1.031013e-36
1.987231e+00 8.946663e-37
1.993544e+00 7.242782e-37
1.999877e+00 6.079842e-37
2.006230e+00 5.576800e-37
2.012605e+00 5.689874e-37
2.018999e+00 6.449429e-37
2.025413e+00 7.933681e-37
2.031847e+00 9.895508e-37
2.038303e+00 1.105191e-36
2.044779e+00 1.015714e-36
2.051274e+00 8.255133e-37
2.057791e+00 6.747278e-37
2.064330e+00 5.982923e-37
2.070888e+00 5.920803e-37

