# Code: cgiSensePlot.c v4.0 (sll - 13 February 2009 Build)
# from WWW Sensitivity Curve Generator located at:
#   http://www.srl.caltech.edu/~shane/sensitivity/MakeCurve.html
# EQUAL ARM Space Based Observatory Sensitivity Curve
# Polarization and All Sky Averaged
# 
# For this data file:
# SNR = 1.000000 
# Armlength = 2.500000e+09 	meters
# Optics diameter = 0.300000 	meters
# Wavelength = 1064.000000 	nanometers
# Laser power = 1.000000 Watts
# Optical train efficiency = 0.300000 
# Accleration noise = 3.000000e-15 m/(s^2 root Hz)
# Position noise = 1.000000e-11 m/(root Hz)
# Sensitivity Floor Set by Laser Shot Noise
# Output Curve type is Root Spectral Density, per root Hz
# Astrophysical Noise is Merged Instrumental + White Dwarf Noise
#
#
#
# f [Hz] 	 hf [Hz^(-1/2)]
1.953007e-07    4.115269e-12
1.998512e-07    3.929997e-12
2.045077e-07    3.753070e-12
2.092727e-07    3.584104e-12
2.141488e-07    3.422744e-12
2.191385e-07    3.268650e-12
2.242444e-07    3.121494e-12
2.294693e-07    2.980965e-12
2.348160e-07    2.846757e-12
2.402872e-07    2.718595e-12
2.458859e-07    2.596202e-12
2.516150e-07    2.479322e-12
2.574776e-07    2.367701e-12
2.634769e-07    2.261105e-12
2.696159e-07    2.159309e-12
2.758979e-07    2.062097e-12
2.823264e-07    1.969259e-12
2.889046e-07    1.880603e-12
2.956360e-07    1.795938e-12
3.025243e-07    1.715084e-12
3.095731e-07    1.637870e-12
3.167862e-07    1.564132e-12
3.241673e-07    1.493714e-12
3.317203e-07    1.426467e-12
3.394495e-07    1.362246e-12
3.473587e-07    1.300917e-12
3.554520e-07    1.242350e-12
3.637341e-07    1.186418e-12
3.722092e-07    1.133005e-12
3.808816e-07    1.081997e-12
3.897561e-07    1.033285e-12
3.988375e-07    9.867654e-13
4.081304e-07    9.423409e-13
4.176398e-07    8.999161e-13
4.273709e-07    8.594012e-13
4.373287e-07    8.207103e-13
4.475184e-07    7.837618e-13
4.579455e-07    7.484767e-13
4.686158e-07    7.147795e-13
4.795345e-07    6.825998e-13
4.907077e-07    6.518688e-13
5.021411e-07    6.225214e-13
5.138410e-07    5.944951e-13
5.258135e-07    5.677307e-13
5.380650e-07    5.421712e-13
5.506018e-07    5.177626e-13
5.634308e-07    4.944527e-13
5.765589e-07    4.721920e-13
5.899927e-07    4.509336e-13
6.037395e-07    4.306324e-13
6.178066e-07    4.112452e-13
6.322015e-07    3.927307e-13
6.469318e-07    3.750497e-13
6.620052e-07    3.581649e-13
6.774301e-07    3.420400e-13
6.932140e-07    3.266414e-13
7.093660e-07    3.119357e-13
7.258941e-07    2.978923e-13
7.428076e-07    2.844810e-13
7.601150e-07    2.716735e-13
7.778256e-07    2.594426e-13
7.959489e-07    2.477624e-13
8.144946e-07    2.366080e-13
8.334723e-07    2.259558e-13
8.528923e-07    2.157831e-13
8.727645e-07    2.060685e-13
8.931000e-07    1.967912e-13
9.139092e-07    1.879316e-13
9.352033e-07    1.794708e-13
9.569935e-07    1.713910e-13
9.792915e-07    1.636748e-13
1.002109e-06    1.563061e-13
1.025458e-06    1.492691e-13
1.049351e-06    1.425490e-13
1.073801e-06    1.361313e-13
1.098821e-06    1.300026e-13
1.124423e-06    1.241499e-13
1.150622e-06    1.185606e-13
1.177432e-06    1.132229e-13
1.204866e-06    1.081256e-13
1.232939e-06    1.032577e-13
1.261667e-06    9.860897e-14
1.291064e-06    9.416955e-14
1.321146e-06    8.992998e-14
1.351928e-06    8.588130e-14
1.383428e-06    8.201489e-14
1.415662e-06    7.832254e-14
1.448647e-06    7.479641e-14
1.482400e-06    7.142904e-14
1.516940e-06    6.821326e-14
1.552285e-06    6.514228e-14
1.588453e-06    6.220954e-14
1.625464e-06    5.940883e-14
1.663337e-06    5.673422e-14
1.702093e-06    5.418001e-14
1.741752e-06    5.174081e-14
1.782335e-06    4.941141e-14
1.823863e-06    4.718689e-14
1.866359e-06    4.506251e-14
1.909845e-06    4.303377e-14
1.954345e-06    4.109637e-14
1.999881e-06    3.924621e-14
2.046478e-06    3.747933e-14
2.094161e-06    3.579200e-14
2.142956e-06    3.418057e-14
2.192885e-06    3.264179e-14
2.243981e-06    3.117221e-14
2.296265e-06    2.976883e-14
2.349767e-06    2.842865e-14
2.404517e-06    2.714876e-14
2.460543e-06    2.592651e-14
2.517873e-06    2.475929e-14
2.576540e-06    2.364461e-14
2.636573e-06    2.258012e-14
2.698005e-06    2.156356e-14
2.760868e-06    2.059276e-14
2.825197e-06    1.966565e-14
2.891025e-06    1.878029e-14
2.958385e-06    1.793480e-14
3.027315e-06    1.712736e-14
3.097853e-06    1.635627e-14
3.170032e-06    1.561991e-14
3.243894e-06    1.491669e-14
3.319476e-06    1.424514e-14
3.396820e-06    1.360382e-14
3.475967e-06    1.299136e-14
3.556956e-06    1.240649e-14
3.639834e-06    1.184794e-14
3.724642e-06    1.131454e-14
3.811425e-06    1.080516e-14
3.900231e-06    1.031870e-14
3.991108e-06    9.854144e-15
4.084100e-06    9.410511e-15
4.179259e-06    8.986844e-15
4.276637e-06    8.582249e-15
4.376282e-06    8.195875e-15
4.478249e-06    7.826893e-15
4.582593e-06    7.474521e-15
4.689368e-06    7.138012e-15
4.798630e-06    6.816656e-15
4.910438e-06    6.509768e-15
5.024851e-06    6.216695e-15
5.141930e-06    5.936816e-15
5.261736e-06    5.669538e-15
5.384335e-06    5.414292e-15
5.509789e-06    5.170540e-15
5.638169e-06    4.937757e-15
5.769537e-06    4.715458e-15
5.903967e-06    4.503167e-15
6.041531e-06    4.300430e-15
6.182299e-06    4.106822e-15
6.326346e-06    3.921932e-15
6.473750e-06    3.745364e-15
6.624587e-06    3.576747e-15
6.778940e-06    3.415720e-15
6.936889e-06    3.261943e-15
7.098519e-06    3.115088e-15
7.263915e-06    2.974845e-15
7.433164e-06    2.840916e-15
7.606356e-06    2.713017e-15
7.783585e-06    2.590875e-15
7.964942e-06    2.474233e-15
8.150526e-06    2.362841e-15
8.340433e-06    2.256465e-15
8.534765e-06    2.154878e-15
8.733625e-06    2.057865e-15
8.937119e-06    1.965218e-15
9.145354e-06    1.876743e-15
9.358440e-06    1.792251e-15
9.576492e-06    1.711563e-15
9.799623e-06    1.634508e-15
1.002796e-05    1.560922e-15
1.026161e-05    1.490648e-15
1.050070e-05    1.423538e-15
1.074537e-05    1.359450e-15
1.099573e-05    1.298247e-15
1.125194e-05    1.239799e-15
1.151411e-05    1.183983e-15
1.178238e-05    1.130679e-15
1.205691e-05    1.079776e-15
1.233784e-05    1.031164e-15
1.262531e-05    9.847401e-16
1.291948e-05    9.404065e-16
1.322051e-05    8.980689e-16
1.352854e-05    8.576374e-16
1.384376e-05    8.190262e-16
1.416632e-05    7.821532e-16
1.449639e-05    7.469404e-16
1.483416e-05    7.133126e-16
1.517980e-05    6.811989e-16
1.553348e-05    6.505311e-16
1.589541e-05    6.212439e-16
1.626578e-05    5.932752e-16
1.664477e-05    5.665655e-16
1.703259e-05    5.410585e-16
1.742945e-05    5.166998e-16
1.783556e-05    4.934377e-16
1.825113e-05    4.712229e-16
1.867638e-05    4.500082e-16
1.911155e-05    4.298258e-16
1.955685e-05    4.101898e-16
2.001251e-05    3.921050e-16
2.047880e-05    3.743645e-16
2.095596e-05    3.575259e-16
2.144424e-05    3.413308e-16
2.194387e-05    3.259805e-16
2.245517e-05    3.114245e-16
2.297838e-05    2.972189e-16
2.351378e-05    2.838599e-16
2.406165e-05    2.712117e-16
2.462228e-05    2.589264e-16
2.519599e-05    2.472612e-16
2.578305e-05    2.361342e-16
2.638380e-05    2.254588e-16
2.699854e-05    2.153595e-16
2.762760e-05    2.056270e-16
2.827133e-05    1.963753e-16
2.893006e-05    1.875182e-16
2.960412e-05    1.791081e-16
3.029390e-05    1.710155e-16
3.099973e-05    1.633423e-16
3.172204e-05    1.559872e-16
3.246116e-05    1.489379e-16
3.321751e-05    1.422554e-16
3.399148e-05    1.358437e-16
3.478347e-05    1.297325e-16
3.559393e-05    1.238898e-16
3.642327e-05    1.183100e-16
3.727194e-05    1.129913e-16
3.814036e-05    1.079063e-16
3.902903e-05    1.030470e-16
3.993841e-05    9.840595e-17
4.086898e-05    9.397523e-17
4.182122e-05    8.974510e-17
4.279566e-05    8.570478e-17
4.379280e-05    8.184773e-17
4.481318e-05    7.816299e-17
4.585732e-05    7.464492e-17
4.692580e-05    7.128412e-17
4.801916e-05    6.807445e-17
4.913800e-05    6.500795e-17
5.028294e-05    6.208181e-17
5.145453e-05    5.928775e-17
5.265342e-05    5.661770e-17
5.388024e-05    5.406862e-17
5.513564e-05    5.163463e-17
5.642030e-05    4.931000e-17
5.773490e-05    4.708949e-17
5.908011e-05    4.497017e-17
6.045668e-05    4.294520e-17
6.186534e-05    4.101202e-17
6.330680e-05    3.916540e-17
6.478183e-05    3.740211e-17
6.629126e-05    3.571849e-17
6.783584e-05    3.411020e-17
6.941641e-05    3.257478e-17
7.103382e-05    3.110826e-17
7.268891e-05    2.970760e-17
7.438256e-05    2.837021e-17
7.611567e-05    2.709302e-17
7.788918e-05    2.587329e-17
7.970398e-05    2.470844e-17
8.156109e-05    2.359604e-17
8.346146e-05    2.253371e-17
8.540612e-05    2.151927e-17
8.739608e-05    2.055043e-17
8.943241e-05    1.962523e-17
9.151618e-05    1.874172e-17
9.364851e-05    1.789795e-17
9.583052e-05    1.709218e-17
9.806338e-05    1.632267e-17
1.003482e-04    1.592602e-17
1.026864e-04    1.523183e-17
1.050790e-04    1.456895e-17
1.075273e-04    1.393333e-17
1.100327e-04    1.332493e-17
1.125964e-04    1.274243e-17
1.152199e-04    1.218503e-17
1.179046e-04    1.165462e-17
1.206517e-04    1.115098e-17
1.234629e-04    1.067053e-17
1.263396e-04    1.021342e-17
1.292833e-04    9.777277e-18
1.322956e-04    9.361144e-18
1.353781e-04    8.964127e-18
1.385324e-04    8.585373e-18
1.417602e-04    8.224343e-18
1.450632e-04    7.881277e-18
1.484432e-04    7.552549e-18
1.519019e-04    7.239314e-18
1.554413e-04    6.942268e-18
1.590630e-04    6.659144e-18
1.627692e-04    6.389313e-18
1.665617e-04    6.132512e-18
1.704426e-04    5.889318e-18
1.744139e-04    5.656277e-18
1.784778e-04    5.436183e-18
1.826363e-04    5.226735e-18
1.868917e-04    5.027452e-18
1.912464e-04    4.837875e-18
1.957023e-04    4.657577e-18
2.002621e-04    4.485726e-18
2.049283e-04    4.320197e-18
2.097031e-04    4.162652e-18
2.145891e-04    4.012715e-18
2.195891e-04    3.870031e-18
2.247055e-04    3.733842e-18
2.299412e-04    3.601568e-18
2.352989e-04    3.473277e-18
2.407814e-04    3.350892e-18
2.463915e-04    3.233698e-18
2.521324e-04    3.119609e-18
2.580071e-04    3.010183e-18
2.640188e-04    2.903384e-18
2.701704e-04    2.801238e-18
2.764653e-04    2.702663e-18
2.829070e-04    2.604397e-18
2.894987e-04    2.511977e-18
2.962440e-04    2.421330e-18
3.031465e-04    2.334865e-18
3.102098e-04    2.254048e-18
3.174378e-04    2.176603e-18
3.248339e-04    2.102378e-18
3.324026e-04    2.030029e-18
3.401477e-04    1.954778e-18
3.480731e-04    1.882562e-18
3.561832e-04    1.813248e-18
3.644823e-04    1.747077e-18
3.729747e-04    1.685690e-18
3.816651e-04    1.628497e-18
3.905577e-04    1.573577e-18
3.996578e-04    1.521173e-18
4.089697e-04    1.472506e-18
4.184987e-04    1.425760e-18
4.282498e-04    1.380848e-18
4.382280e-04    1.338015e-18
4.484387e-04    1.298102e-18
4.588874e-04    1.258499e-18
4.695794e-04    1.221951e-18
4.805206e-04    1.186490e-18
4.917167e-04    1.151185e-18
5.031738e-04    1.118673e-18
5.148976e-04    1.087681e-18
5.268949e-04    1.058981e-18
5.391715e-04    1.029925e-18
5.517341e-04    1.001922e-18
5.645896e-04    9.749246e-19
5.777444e-04    9.486003e-19
5.912059e-04    9.221409e-19
6.049810e-04    8.979151e-19
6.190771e-04    8.742492e-19
6.335016e-04    8.503824e-19
6.482622e-04    8.283061e-19
6.633666e-04    8.057334e-19
6.788231e-04    7.836495e-19
6.946397e-04    7.613602e-19
7.108249e-04    7.407136e-19
7.273870e-04    7.198425e-19
7.443352e-04    7.005194e-19
7.616783e-04    6.807226e-19
7.794252e-04    6.615612e-19
7.975859e-04    6.430104e-19
8.161697e-04    6.250474e-19
8.351864e-04    6.076500e-19
8.546462e-04    5.910078e-19
8.745595e-04    5.756234e-19
8.949368e-04    5.597733e-19
9.157887e-04    5.444102e-19
9.371265e-04    5.297104e-19
9.589617e-04    5.163219e-19
9.813056e-04    5.033240e-19
1.004170e-03    4.907022e-19
1.027567e-03    4.786232e-19
1.051509e-03    4.676863e-19
1.076010e-03    4.570485e-19
1.101081e-03    4.466988e-19
1.126736e-03    4.366266e-19
1.152989e-03    4.269877e-19
1.179853e-03    4.183305e-19
1.207344e-03    4.098910e-19
1.235475e-03    4.016613e-19
1.264262e-03    3.934776e-19
1.293719e-03    3.849662e-19
1.323863e-03    3.771845e-19
1.354709e-03    3.687844e-19
1.386273e-03    3.598071e-19
1.418573e-03    3.501563e-19
1.451626e-03    3.390102e-19
1.485449e-03    3.250921e-19
1.520060e-03    3.071709e-19
1.555477e-03    2.840822e-19
1.591720e-03    2.575675e-19
1.628807e-03    2.289084e-19
1.666758e-03    2.006673e-19
1.705594e-03    1.740817e-19
1.745334e-03    1.503765e-19
1.786000e-03    1.305523e-19
1.827614e-03    1.141567e-19
1.870198e-03    1.007238e-19
1.913773e-03    8.968912e-20
1.958364e-03    8.023070e-20
2.003994e-03    7.212470e-20
2.050688e-03    6.521647e-20
2.098468e-03    5.922981e-20
2.147363e-03    5.402380e-20
2.197395e-03    4.949249e-20
2.248596e-03    4.558560e-20
2.300987e-03    4.223244e-20
2.354600e-03    3.932989e-20
2.409463e-03    3.680426e-20
2.465604e-03    3.459750e-20
2.523051e-03    3.259400e-20
2.581840e-03    3.080741e-20
2.641995e-03    2.918605e-20
2.703555e-03    2.771384e-20
2.766546e-03    2.638645e-20
2.831007e-03    2.516228e-20
2.896970e-03    2.400809e-20
2.964469e-03    2.294530e-20
3.033541e-03    2.195524e-20
3.104224e-03    2.104582e-20
3.176552e-03    2.021703e-20
3.250565e-03    1.946996e-20
3.326303e-03    1.869646e-20
3.403807e-03    1.778128e-20
3.483114e-03    1.677653e-20
3.564271e-03    1.589157e-20
3.647319e-03    1.519599e-20
3.732301e-03    1.462582e-20
3.819263e-03    1.409996e-20
3.908253e-03    1.360853e-20
3.999315e-03    1.314626e-20
4.092499e-03    1.270149e-20
4.187855e-03    1.228364e-20
4.285431e-03    1.188177e-20
4.385282e-03    1.150476e-20
4.487460e-03    1.114231e-20
4.592017e-03    1.080428e-20
4.699012e-03    1.048369e-20
4.808499e-03    1.018119e-20
4.920536e-03    9.898626e-21
5.035185e-03    9.625860e-21
5.152505e-03    9.369040e-21
5.272558e-03    9.129818e-21
5.395408e-03    8.900198e-21
5.521122e-03    8.686750e-21
5.649763e-03    8.480880e-21
5.781403e-03    8.287840e-21
5.916109e-03    8.108992e-21
6.053955e-03    7.936618e-21
6.195011e-03    7.775450e-21
6.339356e-03    7.626677e-21
6.487064e-03    7.483422e-21
6.638212e-03    7.349041e-21
6.792882e-03    7.223945e-21
6.951155e-03    7.108318e-21
7.113118e-03    6.995013e-21
7.278853e-03    6.892078e-21
7.448452e-03    6.795370e-21
7.622001e-03    6.703421e-21
7.799592e-03    6.620404e-21
7.981323e-03    6.542719e-21
8.167287e-03    6.468534e-21
8.357586e-03    6.399984e-21
8.552317e-03    6.336786e-21
8.751586e-03    6.278671e-21
8.955498e-03    6.225380e-21
9.164160e-03    6.176674e-21
9.377686e-03    6.132322e-21
9.596187e-03    6.093688e-21
9.819778e-03    5.659080e-21
1.004858e-02    5.650019e-21
1.028271e-02    5.643326e-21
1.052230e-02    5.638883e-21
1.076747e-02    5.636586e-21
1.101835e-02    5.636344e-21
1.127508e-02    5.638077e-21
1.153779e-02    5.641718e-21
1.180662e-02    5.647208e-21
1.208171e-02    5.654501e-21
1.236321e-02    5.663561e-21
1.265128e-02    5.674361e-21
1.294605e-02    5.686884e-21
1.324770e-02    5.701121e-21
1.355636e-02    5.717074e-21
1.387223e-02    5.734751e-21
1.419545e-02    5.754173e-21
1.452621e-02    5.775366e-21
1.486467e-02    5.798366e-21
1.521101e-02    5.823219e-21
1.556543e-02    5.849979e-21
1.592811e-02    5.878709e-21
1.629923e-02    5.909482e-21
1.667900e-02    5.942381e-21
1.706762e-02    5.977499e-21
1.746530e-02    6.014941e-21
1.787224e-02    6.054822e-21
1.828866e-02    6.097270e-21
1.871479e-02    6.142428e-21
1.915084e-02    6.190450e-21
1.959706e-02    6.241506e-21
2.005368e-02    6.295785e-21
2.052093e-02    6.353491e-21
2.099905e-02    6.414849e-21
2.148833e-02    6.480106e-21
2.198901e-02    6.549530e-21
2.250136e-02    6.623418e-21
2.302563e-02    6.702095e-21
2.356214e-02    6.785916e-21
2.411113e-02    6.875274e-21
2.467293e-02    6.970599e-21
2.524780e-02    7.072365e-21
2.583607e-02    7.181097e-21
2.643806e-02    7.297371e-21
2.705406e-02    7.421827e-21
2.768443e-02    7.555175e-21
2.832946e-02    7.698197e-21
2.898955e-02    7.851770e-21
2.966500e-02    8.016862e-21
3.035619e-02    8.194555e-21
3.106350e-02    8.386057e-21
3.178727e-02    8.592712e-21
3.252792e-02    8.816028e-21
3.328582e-02    9.057684e-21
3.406137e-02    9.319559e-21
3.485502e-02    9.603757e-21
3.566714e-02    9.912616e-21
3.649818e-02    1.024873e-20
3.734858e-02    1.061499e-20
3.821880e-02    1.101454e-20
3.910930e-02    1.145081e-20
4.002055e-02    1.192746e-20
4.095303e-02    1.244830e-20
4.190724e-02    1.301710e-20
4.288367e-02    1.363740e-20
4.388286e-02    1.431199e-20
4.490534e-02    1.504235e-20
4.595162e-02    1.582763e-20
4.702229e-02    1.666337e-20
4.811793e-02    1.753973e-20
4.923906e-02    1.843955e-20
5.038634e-02    1.933644e-20
5.156034e-02    2.019374e-20
5.276169e-02    2.096552e-20
5.399105e-02    2.160083e-20
5.524903e-02    2.205152e-20
5.653634e-02    2.228231e-20
5.785363e-02    2.227959e-20
5.920163e-02    2.205507e-20
6.058103e-02    2.164259e-20
6.199256e-02    2.108963e-20
6.343698e-02    2.044747e-20
6.491507e-02    1.976333e-20
6.642758e-02    1.907598e-20
6.797535e-02    1.841458e-20
6.955917e-02    1.779949e-20
7.117990e-02    1.724403e-20
7.283840e-02    1.675639e-20
7.453553e-02    1.634141e-20
7.627220e-02    1.600184e-20
7.804936e-02    1.573948e-20
7.986791e-02    1.555592e-20
8.172883e-02    1.545306e-20
8.363311e-02    1.543364e-20
8.558177e-02    1.550151e-20
8.757581e-02    1.566201e-20
8.961632e-02    1.592221e-20
9.170440e-02    1.629113e-20
9.384110e-02    1.677996e-20
9.602760e-02    1.740194e-20
9.826505e-02    1.817195e-20
1.005546e-01    1.910519e-20
1.028976e-01    2.021432e-20
1.052951e-01    2.150387e-20
1.077484e-01    2.296053e-20
1.102590e-01    2.453853e-20
1.128280e-01    2.614252e-20
1.154569e-01    2.761835e-20
1.181470e-01    2.877157e-20
1.208999e-01    2.942796e-20
1.237168e-01    2.951444e-20
1.265994e-01    2.909975e-20
1.295492e-01    2.835885e-20
1.325677e-01    2.749582e-20
1.356565e-01    2.668455e-20
1.388173e-01    2.604940e-20
1.420518e-01    2.567320e-20
1.453616e-01    2.561430e-20
1.487485e-01    2.592268e-20
1.522143e-01    2.665200e-20
1.557609e-01    2.786684e-20
1.593902e-01    2.964278e-20
1.631039e-01    3.205074e-20
1.669043e-01    3.510482e-20
1.707931e-01    3.863979e-20
1.747726e-01    4.211889e-20
1.788448e-01    4.457569e-20
1.830119e-01    4.511847e-20
1.872761e-01    4.376882e-20
1.916396e-01    4.144623e-20
1.960674e-01    3.916299e-20
2.005975e-01    3.749502e-20
2.052324e-01    3.671984e-20
2.099743e-01    3.698116e-20
2.148256e-01    3.840871e-20
2.197892e-01    4.115653e-20
2.248674e-01    4.532703e-20
2.300630e-01    5.064476e-20
2.353785e-01    5.577215e-20
2.408169e-01    5.818310e-20
2.463810e-01    5.654059e-20
2.520736e-01    5.262762e-20
2.578977e-01    4.897174e-20
2.638563e-01    4.690966e-20
2.699528e-01    4.694121e-20
2.761901e-01    4.938416e-20
2.825713e-01    5.459737e-20
2.891002e-01    6.251040e-20
2.957797e-01    7.070857e-20
3.026138e-01    7.327020e-20
3.096055e-01    6.842783e-20
3.167591e-01    6.195032e-20
3.240778e-01    5.814855e-20
3.315655e-01    5.830653e-20
3.392262e-01    6.299360e-20
3.470640e-01    7.251078e-20
3.550829e-01    8.377422e-20
3.632872e-01    8.634639e-20
3.716807e-01    7.808219e-20
3.802684e-01    7.001446e-20
3.854081e-01    6.784920e-20
3.906171e-01    6.799572e-20
3.958964e-01    7.064629e-20
4.012470e-01    7.601872e-20
4.066701e-01    8.408691e-20
4.121665e-01    9.363697e-20
4.177372e-01    1.009075e-19
4.233830e-01    1.012556e-19
4.291054e-01    9.506582e-20
4.349049e-01    8.721850e-20
4.407828e-01    8.134225e-20
4.467403e-01    7.874825e-20
4.527781e-01    7.982369e-20
4.588977e-01    8.486244e-20
4.650998e-01    9.400788e-20
4.713860e-01    1.059014e-19
4.777571e-01    1.149761e-19
4.842140e-01    1.139492e-19
4.907586e-01    1.046765e-19
4.973914e-01    9.508205e-20
5.041138e-01    8.948930e-20
5.109273e-01    8.903273e-20
5.178326e-01    9.416391e-20
5.248314e-01    1.052229e-19
5.319248e-01    1.203652e-19
5.391141e-01    1.305839e-19
5.464003e-01    1.257904e-19
5.537852e-01    1.128067e-19
5.612699e-01    1.028038e-19
5.688558e-01    9.962990e-20
5.743108e-01    1.019896e-19
5.798181e-01    1.084360e-19
5.853782e-01    1.189469e-19
5.909916e-01    1.320399e-19
5.966588e-01    1.427189e-19
6.023804e-01    1.439997e-19
6.081570e-01    1.354012e-19
6.139889e-01    1.237363e-19
6.198766e-01    1.145764e-19
6.258209e-01    1.099616e-19
6.318221e-01    1.103943e-19
6.378809e-01    1.161739e-19
6.439978e-01    1.275082e-19
6.501735e-01    1.431135e-19
6.564081e-01    1.568438e-19
6.627026e-01    1.585471e-19
6.690577e-01    1.474379e-19
6.754734e-01    1.335091e-19
6.819508e-01    1.238537e-19
6.884904e-01    1.205511e-19
6.950926e-01    1.240804e-19
7.017582e-01    1.348081e-19
7.084875e-01    1.519788e-19
7.152815e-01    1.692277e-19
7.221406e-01    1.728143e-19
7.290655e-01    1.597261e-19
7.360569e-01    1.433129e-19
7.431153e-01    1.328661e-19
7.502412e-01    1.307275e-19
7.574356e-01    1.374570e-19
7.630694e-01    1.490633e-19
7.687452e-01    1.653335e-19
7.744634e-01    1.816353e-19
7.802239e-01    1.886079e-19
7.860272e-01    1.811056e-19
7.918738e-01    1.659249e-19
7.977639e-01    1.520698e-19
8.036978e-01    1.436296e-19
8.096757e-01    1.416131e-19
8.156981e-01    1.463180e-19
8.217655e-01    1.580129e-19
8.278778e-01    1.759331e-19
8.340357e-01    1.948309e-19
8.402394e-01    2.027171e-19
8.464891e-01    1.929441e-19
8.527854e-01    1.750153e-19
8.591286e-01    1.600387e-19
8.655188e-01    1.522693e-19
8.719566e-01    1.525712e-19
8.784424e-01    1.613149e-19
8.849763e-01    1.785768e-19
8.915589e-01    2.011458e-19
8.981905e-01    2.167270e-19
9.048713e-01    2.112878e-19
9.116018e-01    1.915475e-19
9.183824e-01    1.733229e-19
9.252134e-01    1.636031e-19
9.320953e-01    1.637659e-19
9.390284e-01    1.742590e-19
9.460129e-01    1.949193e-19
9.517622e-01    2.158241e-19
9.575464e-01    2.303880e-19
9.633659e-01    2.279579e-19
9.692205e-01    2.112659e-19
9.751108e-01    1.922887e-19
9.810370e-01    1.786356e-19
9.869991e-01    1.725844e-19
9.929975e-01    1.745806e-19
9.990325e-01    1.849316e-19
1.005104e+00    2.035464e-19
1.011212e+00    2.271854e-19
1.017358e+00    2.446736e-19
1.023541e+00    2.421976e-19
1.029761e+00    2.229547e-19
1.036019e+00    2.019733e-19
1.042316e+00    1.880191e-19
1.048650e+00    1.833560e-19
1.055023e+00    1.884151e-19
1.061435e+00    2.035195e-19
1.067886e+00    2.275250e-19
1.074376e+00    2.523554e-19
1.080905e+00    2.600691e-19
1.087474e+00    2.436260e-19
1.094083e+00    2.191283e-19
1.100732e+00    2.009326e-19
1.107422e+00    1.934078e-19
1.114152e+00    1.972702e-19
1.120923e+00    2.129344e-19
1.127736e+00    2.393406e-19
1.134589e+00    2.670571e-19
1.140419e+00    2.751275e-19
1.146279e+00    2.619592e-19
1.152169e+00    2.389082e-19
1.158089e+00    2.188219e-19
1.164040e+00    2.069991e-19
1.170021e+00    2.045780e-19
1.176033e+00    2.118503e-19
1.182076e+00    2.290394e-19
1.188150e+00    2.546296e-19
1.194255e+00    2.803724e-19
1.200392e+00    2.892801e-19
1.206560e+00    2.737998e-19
1.212760e+00    2.480548e-19
1.218991e+00    2.268695e-19
1.225255e+00    2.156775e-19
1.231550e+00    2.154729e-19
1.237879e+00    2.265988e-19
1.244239e+00    2.490717e-19
1.250633e+00    2.791193e-19
1.257059e+00    3.020300e-19
1.263518e+00    2.984254e-19
1.270011e+00    2.728967e-19
1.276536e+00    2.462168e-19
1.283095e+00    2.295554e-19
1.289688e+00    2.254179e-19
1.296316e+00    2.342505e-19
1.302976e+00    2.562769e-19
1.309671e+00    2.883558e-19
1.316401e+00    3.151590e-19
1.323165e+00    3.129851e-19
1.329055e+00    2.893813e-19
1.334970e+00    2.628985e-19
1.340912e+00    2.439492e-19
1.346881e+00    2.355129e-19
1.352876e+00    2.380811e-19
1.358898e+00    2.519618e-19
1.364946e+00    2.768829e-19
1.371022e+00    3.082760e-19
1.377124e+00    3.310965e-19
1.383254e+00    3.272437e-19
1.389411e+00    3.011548e-19
1.395595e+00    2.726534e-19
1.401807e+00    2.533353e-19
1.408046e+00    2.461787e-19
1.414314e+00    2.516491e-19
1.420609e+00    2.700669e-19
1.426932e+00    3.002408e-19
1.433283e+00    3.332721e-19
1.439663e+00    3.474224e-19
1.446071e+00    3.297521e-19
1.452507e+00    2.975840e-19
1.458973e+00    2.710912e-19
1.465467e+00    2.575427e-19
1.471989e+00    2.581393e-19
1.478541e+00    2.732658e-19
1.485122e+00    3.026007e-19
1.491733e+00    3.394802e-19
1.498372e+00    3.617791e-19
1.505042e+00    3.484738e-19
1.511741e+00    3.142845e-19
1.517676e+00    2.872780e-19
1.523635e+00    2.711259e-19
1.529617e+00    2.673162e-19
1.535622e+00    2.761449e-19
1.541651e+00    2.978297e-19
1.547704e+00    3.304661e-19
1.553780e+00    3.637842e-19
1.559880e+00    3.761911e-19
1.566005e+00    3.570302e-19
1.572153e+00    3.236214e-19
1.578325e+00    2.953871e-19
1.584522e+00    2.797205e-19
1.590743e+00    2.779557e-19
1.596989e+00    2.904197e-19
1.603258e+00    3.171726e-19
1.609553e+00    3.543891e-19
1.615872e+00    3.858787e-19
1.622216e+00    3.866583e-19
1.628585e+00    3.568600e-19
1.634979e+00    3.215968e-19
1.641398e+00    2.972461e-19
1.647843e+00    2.880645e-19
1.654312e+00    2.946363e-19
1.660807e+00    3.172968e-19
1.667328e+00    3.541910e-19
1.673874e+00    3.926689e-19
1.680446e+00    4.044024e-19
1.687043e+00    3.781604e-19
1.693667e+00    3.393772e-19
1.700316e+00    3.105364e-19
1.706288e+00    2.987435e-19
1.712280e+00    3.008989e-19
1.718294e+00    3.173075e-19
1.724328e+00    3.476636e-19
1.730384e+00    3.867100e-19
1.736462e+00    4.165054e-19
1.742560e+00    4.138315e-19
1.748680e+00    3.820015e-19
1.754821e+00    3.455477e-19
1.760984e+00    3.198997e-19
1.767169e+00    3.092162e-19
1.773375e+00    3.140722e-19
1.779603e+00    3.347947e-19
1.785853e+00    3.703445e-19
1.792125e+00    4.117042e-19
1.798419e+00    4.342087e-19
1.804735e+00    4.177934e-19
1.811074e+00    3.787694e-19
1.817434e+00    3.434691e-19
1.823817e+00    3.230513e-19
1.830222e+00    3.195907e-19
1.836650e+00    3.334561e-19
1.843100e+00    3.646960e-19
1.849573e+00    4.085038e-19
1.856069e+00    4.443319e-19
1.862588e+00    4.418713e-19
1.869129e+00    4.046214e-19
1.875693e+00    3.639069e-19
1.882281e+00    3.376686e-19
1.888892e+00    3.299414e-19
1.894893e+00    3.393328e-19
1.900913e+00    3.645386e-19
1.906952e+00    4.035847e-19
1.913010e+00    4.450685e-19
1.919088e+00    4.632745e-19
1.925184e+00    4.425233e-19
1.931301e+00    4.017662e-19
1.937437e+00    3.657402e-19
1.943592e+00    3.445998e-19
1.949766e+00    3.402655e-19
1.955961e+00    3.530619e-19
1.962176e+00    3.831348e-19
1.968409e+00    4.269456e-19
1.974663e+00    4.677445e-19
1.980937e+00    4.753759e-19
1.987231e+00    4.433035e-19
1.993544e+00    3.996134e-19
1.999877e+00    3.668258e-19
2.006230e+00    3.517130e-19
2.012605e+00    3.551998e-19
2.018999e+00    3.776405e-19
2.025413e+00    4.180065e-19
2.031847e+00    4.660188e-19
2.038303e+00    4.921366e-19
2.044779e+00    4.720869e-19
2.051274e+00    4.263249e-19
2.057791e+00    3.862189e-19
2.064330e+00    3.642202e-19
2.070888e+00    3.624002e-19
2.077467e+00    3.811516e-19
