# Code: cgiSensePlot.c v4.0 (sll - 13 February 2009 Build)
# from WWW Sensitivity Curve Generator located at:
#   http://www.srl.caltech.edu/~shane/sensitivity/MakeCurve.html
# EQUAL ARM Space Based Observatory Sensitivity Curve
# Polarization and All Sky Averaged
# 
# For this data file:
# SNR = 1.000000 
# Armlength = 2.500000e+09 	meters
# Optics diameter = 0.300000 	meters
# Wavelength = 1064.000000 	nanometers
# Laser power = 2.000000 Watts
# Optical train efficiency = 0.300000 
# Accleration noise = 3.000000e-15 m/(s^2 root Hz)
# Position noise = 1.000000e-11 m/(root Hz)
# Sensitivity Floor Set by Laser Shot Noise
# Output Curve type is Root Spectral Density, per root Hz
# Astrophysical Noise is No White Dwarf Noise
#
#
#
# f [Hz] 	 hf [Hz^(-1/2)]
1.953007e-07    4.115269e-12
1.998512e-07    3.929997e-12
2.045077e-07    3.753070e-12
2.092727e-07    3.584104e-12
2.141488e-07    3.422744e-12
2.191385e-07    3.268650e-12
2.242444e-07    3.121494e-12
2.294693e-07    2.980965e-12
2.348160e-07    2.846757e-12
2.402872e-07    2.718595e-12
2.458859e-07    2.596202e-12
2.516150e-07    2.479322e-12
2.574776e-07    2.367701e-12
2.634769e-07    2.261105e-12
2.696159e-07    2.159309e-12
2.758979e-07    2.062097e-12
2.823264e-07    1.969259e-12
2.889046e-07    1.880603e-12
2.956360e-07    1.795938e-12
3.025243e-07    1.715084e-12
3.095731e-07    1.637870e-12
3.167862e-07    1.564132e-12
3.241673e-07    1.493714e-12
3.317203e-07    1.426467e-12
3.394495e-07    1.362246e-12
3.473587e-07    1.300917e-12
3.554520e-07    1.242350e-12
3.637341e-07    1.186418e-12
3.722092e-07    1.133005e-12
3.808816e-07    1.081997e-12
3.897561e-07    1.033285e-12
3.988375e-07    9.867654e-13
4.081304e-07    9.423409e-13
4.176398e-07    8.999161e-13
4.273709e-07    8.594012e-13
4.373287e-07    8.207103e-13
4.475184e-07    7.837618e-13
4.579455e-07    7.484767e-13
4.686158e-07    7.147795e-13
4.795345e-07    6.825998e-13
4.907077e-07    6.518688e-13
5.021411e-07    6.225214e-13
5.138410e-07    5.944951e-13
5.258135e-07    5.677307e-13
5.380650e-07    5.421712e-13
5.506018e-07    5.177626e-13
5.634308e-07    4.944527e-13
5.765589e-07    4.721920e-13
5.899927e-07    4.509336e-13
6.037395e-07    4.306324e-13
6.178066e-07    4.112452e-13
6.322015e-07    3.927307e-13
6.469318e-07    3.750497e-13
6.620052e-07    3.581649e-13
6.774301e-07    3.420400e-13
6.932140e-07    3.266414e-13
7.093660e-07    3.119357e-13
7.258941e-07    2.978923e-13
7.428076e-07    2.844810e-13
7.601150e-07    2.716735e-13
7.778256e-07    2.594426e-13
7.959489e-07    2.477624e-13
8.144946e-07    2.366080e-13
8.334723e-07    2.259558e-13
8.528923e-07    2.157831e-13
8.727645e-07    2.060685e-13
8.931000e-07    1.967912e-13
9.139092e-07    1.879316e-13
9.352033e-07    1.794708e-13
9.569935e-07    1.713910e-13
9.792915e-07    1.636748e-13
1.002109e-06    1.563061e-13
1.025458e-06    1.492691e-13
1.049351e-06    1.425490e-13
1.073801e-06    1.361313e-13
1.098821e-06    1.300026e-13
1.124423e-06    1.241499e-13
1.150622e-06    1.185606e-13
1.177432e-06    1.132229e-13
1.204866e-06    1.081256e-13
1.232939e-06    1.032577e-13
1.261667e-06    9.860897e-14
1.291064e-06    9.416955e-14
1.321146e-06    8.992998e-14
1.351928e-06    8.588130e-14
1.383428e-06    8.201489e-14
1.415662e-06    7.832254e-14
1.448647e-06    7.479641e-14
1.482400e-06    7.142904e-14
1.516940e-06    6.821326e-14
1.552285e-06    6.514228e-14
1.588453e-06    6.220954e-14
1.625464e-06    5.940883e-14
1.663337e-06    5.673422e-14
1.702093e-06    5.418001e-14
1.741752e-06    5.174081e-14
1.782335e-06    4.941141e-14
1.823863e-06    4.718689e-14
1.866359e-06    4.506251e-14
1.909845e-06    4.303377e-14
1.954345e-06    4.109637e-14
1.999881e-06    3.924621e-14
2.046478e-06    3.747933e-14
2.094161e-06    3.579200e-14
2.142956e-06    3.418057e-14
2.192885e-06    3.264179e-14
2.243981e-06    3.117221e-14
2.296265e-06    2.976883e-14
2.349767e-06    2.842865e-14
2.404517e-06    2.714876e-14
2.460543e-06    2.592651e-14
2.517873e-06    2.475929e-14
2.576540e-06    2.364461e-14
2.636573e-06    2.258012e-14
2.698005e-06    2.156356e-14
2.760868e-06    2.059276e-14
2.825197e-06    1.966565e-14
2.891025e-06    1.878029e-14
2.958385e-06    1.793480e-14
3.027315e-06    1.712736e-14
3.097853e-06    1.635627e-14
3.170032e-06    1.561991e-14
3.243894e-06    1.491669e-14
3.319476e-06    1.424514e-14
3.396820e-06    1.360382e-14
3.475967e-06    1.299136e-14
3.556956e-06    1.240649e-14
3.639834e-06    1.184794e-14
3.724642e-06    1.131454e-14
3.811425e-06    1.080516e-14
3.900231e-06    1.031870e-14
3.991108e-06    9.854144e-15
4.084100e-06    9.410511e-15
4.179259e-06    8.986844e-15
4.276637e-06    8.582249e-15
4.376282e-06    8.195875e-15
4.478249e-06    7.826893e-15
4.582593e-06    7.474521e-15
4.689368e-06    7.138012e-15
4.798630e-06    6.816656e-15
4.910438e-06    6.509768e-15
5.024851e-06    6.216695e-15
5.141930e-06    5.936816e-15
5.261736e-06    5.669538e-15
5.384335e-06    5.414292e-15
5.509789e-06    5.170540e-15
5.638169e-06    4.937757e-15
5.769537e-06    4.715458e-15
5.903967e-06    4.503167e-15
6.041531e-06    4.300430e-15
6.182299e-06    4.106822e-15
6.326346e-06    3.921932e-15
6.473750e-06    3.745364e-15
6.624587e-06    3.576747e-15
6.778940e-06    3.415720e-15
6.936889e-06    3.261943e-15
7.098519e-06    3.115088e-15
7.263915e-06    2.974845e-15
7.433164e-06    2.840916e-15
7.606356e-06    2.713017e-15
7.783585e-06    2.590875e-15
7.964942e-06    2.474233e-15
8.150526e-06    2.362841e-15
8.340433e-06    2.256465e-15
8.534765e-06    2.154878e-15
8.733625e-06    2.057865e-15
8.937119e-06    1.965218e-15
9.145354e-06    1.876743e-15
9.358440e-06    1.792251e-15
9.576492e-06    1.711563e-15
9.799623e-06    1.634508e-15
1.002796e-05    1.560922e-15
1.026161e-05    1.490648e-15
1.050070e-05    1.423538e-15
1.074537e-05    1.359450e-15
1.099573e-05    1.298247e-15
1.125194e-05    1.239799e-15
1.151411e-05    1.183983e-15
1.178238e-05    1.130679e-15
1.205691e-05    1.079776e-15
1.233784e-05    1.031164e-15
1.262531e-05    9.847401e-16
1.291948e-05    9.404065e-16
1.322051e-05    8.980689e-16
1.352854e-05    8.576374e-16
1.384376e-05    8.190262e-16
1.416632e-05    7.821532e-16
1.449639e-05    7.469404e-16
1.483416e-05    7.133126e-16
1.517980e-05    6.811989e-16
1.553348e-05    6.505311e-16
1.589541e-05    6.212439e-16
1.626578e-05    5.932752e-16
1.664477e-05    5.665655e-16
1.703259e-05    5.410585e-16
1.742945e-05    5.166998e-16
1.783556e-05    4.934377e-16
1.825113e-05    4.712229e-16
1.867638e-05    4.500082e-16
1.911155e-05    4.298258e-16
1.955685e-05    4.101898e-16
2.001251e-05    3.921050e-16
2.047880e-05    3.743645e-16
2.095596e-05    3.575259e-16
2.144424e-05    3.413308e-16
2.194387e-05    3.259805e-16
2.245517e-05    3.114245e-16
2.297838e-05    2.972189e-16
2.351378e-05    2.838599e-16
2.406165e-05    2.712117e-16
2.462228e-05    2.589264e-16
2.519599e-05    2.472612e-16
2.578305e-05    2.361342e-16
2.638380e-05    2.254588e-16
2.699854e-05    2.153595e-16
2.762760e-05    2.056270e-16
2.827133e-05    1.963753e-16
2.893006e-05    1.875182e-16
2.960412e-05    1.791081e-16
3.029390e-05    1.710155e-16
3.099973e-05    1.633423e-16
3.172204e-05    1.559872e-16
3.246116e-05    1.489379e-16
3.321751e-05    1.422554e-16
3.399148e-05    1.358437e-16
3.478347e-05    1.297325e-16
3.559393e-05    1.238898e-16
3.642327e-05    1.183100e-16
3.727194e-05    1.129913e-16
3.814036e-05    1.079063e-16
3.902903e-05    1.030470e-16
3.993841e-05    9.840595e-17
4.086898e-05    9.397523e-17
4.182122e-05    8.974510e-17
4.279566e-05    8.570478e-17
4.379280e-05    8.184773e-17
4.481318e-05    7.816298e-17
4.585732e-05    7.464492e-17
4.692580e-05    7.128412e-17
4.801916e-05    6.807445e-17
4.913800e-05    6.500795e-17
5.028294e-05    6.208181e-17
5.145453e-05    5.928775e-17
5.265342e-05    5.661770e-17
5.388024e-05    5.406862e-17
5.513564e-05    5.163463e-17
5.642030e-05    4.931000e-17
5.773490e-05    4.708949e-17
5.908011e-05    4.497017e-17
6.045668e-05    4.294520e-17
6.186534e-05    4.101202e-17
6.330680e-05    3.916540e-17
6.478183e-05    3.740211e-17
6.629126e-05    3.571849e-17
6.783584e-05    3.411020e-17
6.941641e-05    3.257478e-17
7.103382e-05    3.110826e-17
7.268891e-05    2.970760e-17
7.438256e-05    2.837021e-17
7.611567e-05    2.709302e-17
7.788918e-05    2.587329e-17
7.970398e-05    2.470844e-17
8.156109e-05    2.359604e-17
8.346146e-05    2.253371e-17
8.540612e-05    2.151927e-17
8.739608e-05    2.055043e-17
8.943241e-05    1.962523e-17
9.151618e-05    1.874172e-17
9.364851e-05    1.789795e-17
9.583052e-05    1.709218e-17
9.806338e-05    1.632267e-17
1.003482e-04    1.558784e-17
1.026864e-04    1.488603e-17
1.050790e-04    1.421588e-17
1.075273e-04    1.357586e-17
1.100327e-04    1.296466e-17
1.125964e-04    1.238099e-17
1.152199e-04    1.182359e-17
1.179046e-04    1.129128e-17
1.206517e-04    1.078294e-17
1.234629e-04    1.029749e-17
1.263396e-04    9.833887e-18
1.292833e-04    9.391161e-18
1.322956e-04    8.968363e-18
1.353781e-04    8.564599e-18
1.385324e-04    8.179018e-18
1.417602e-04    7.810792e-18
1.450632e-04    7.459144e-18
1.484432e-04    7.123330e-18
1.519019e-04    6.802632e-18
1.554413e-04    6.496371e-18
1.590630e-04    6.203902e-18
1.627692e-04    5.924597e-18
1.665617e-04    5.657868e-18
1.704426e-04    5.403147e-18
1.744139e-04    5.159893e-18
1.784778e-04    4.927590e-18
1.826363e-04    4.705746e-18
1.868917e-04    4.493889e-18
1.912464e-04    4.291568e-18
1.957023e-04    4.098365e-18
2.002621e-04    3.913853e-18
2.049283e-04    3.737645e-18
2.097031e-04    3.569374e-18
2.145891e-04    3.408679e-18
2.195891e-04    3.255215e-18
2.247055e-04    3.108663e-18
2.299412e-04    2.968707e-18
2.352989e-04    2.835052e-18
2.407814e-04    2.707415e-18
2.463915e-04    2.585526e-18
2.521324e-04    2.469124e-18
2.580071e-04    2.357961e-18
2.640188e-04    2.251801e-18
2.701704e-04    2.150423e-18
2.764653e-04    2.053609e-18
2.829070e-04    1.961153e-18
2.894987e-04    1.872860e-18
2.962440e-04    1.788541e-18
3.031465e-04    1.708020e-18
3.102098e-04    1.631123e-18
3.174378e-04    1.557686e-18
3.248339e-04    1.487558e-18
3.324026e-04    1.420586e-18
3.401477e-04    1.356629e-18
3.480731e-04    1.295552e-18
3.561832e-04    1.237224e-18
3.644823e-04    1.181523e-18
3.729747e-04    1.128329e-18
3.816651e-04    1.077530e-18
3.905577e-04    1.029019e-18
3.996578e-04    9.826902e-19
4.089697e-04    9.384485e-19
4.184987e-04    8.961983e-19
4.282498e-04    8.558498e-19
4.382280e-04    8.173182e-19
4.484387e-04    7.805214e-19
4.588874e-04    7.453809e-19
4.695794e-04    7.118229e-19
4.805206e-04    6.797754e-19
4.917167e-04    6.491711e-19
5.031738e-04    6.199441e-19
5.148976e-04    5.920337e-19
5.268949e-04    5.653792e-19
5.391715e-04    5.399250e-19
5.517341e-04    5.156171e-19
5.645896e-04    4.924032e-19
5.777444e-04    4.702348e-19
5.912059e-04    4.490643e-19
6.049810e-04    4.288470e-19
6.190771e-04    4.095400e-19
6.335016e-04    3.911021e-19
6.482622e-04    3.734945e-19
6.633666e-04    3.566798e-19
6.788231e-04    3.406220e-19
6.946397e-04    3.252872e-19
7.108249e-04    3.106429e-19
7.273870e-04    2.966581e-19
7.443352e-04    2.833028e-19
7.616783e-04    2.705489e-19
7.794252e-04    2.583695e-19
7.975859e-04    2.467383e-19
8.161697e-04    2.356309e-19
8.351864e-04    2.250238e-19
8.546462e-04    2.148943e-19
8.745595e-04    2.052209e-19
8.949368e-04    1.959832e-19
9.157887e-04    1.871616e-19
9.371265e-04    1.787372e-19
9.589617e-04    1.706922e-19
9.813056e-04    1.630096e-19
1.004170e-03    1.556731e-19
1.027567e-03    1.486670e-19
1.051509e-03    1.419765e-19
1.076010e-03    1.355875e-19
1.101081e-03    1.294862e-19
1.126736e-03    1.236599e-19
1.152989e-03    1.180961e-19
1.179853e-03    1.127831e-19
1.207344e-03    1.077094e-19
1.235475e-03    1.028645e-19
1.264262e-03    9.823793e-20
1.293719e-03    9.381995e-20
1.323863e-03    8.960118e-20
1.354709e-03    8.557265e-20
1.386273e-03    8.172581e-20
1.418573e-03    7.805251e-20
1.451626e-03    7.454493e-20
1.485449e-03    7.119564e-20
1.520060e-03    6.799755e-20
1.555477e-03    6.494385e-20
1.591720e-03    6.202805e-20
1.628807e-03    5.924398e-20
1.666758e-03    5.658572e-20
1.705594e-03    5.404763e-20
1.745334e-03    5.162434e-20
1.786000e-03    4.931069e-20
1.827614e-03    4.710176e-20
1.870198e-03    4.499288e-20
1.913773e-03    4.297957e-20
1.958364e-03    4.105755e-20
2.003994e-03    3.922277e-20
2.050688e-03    3.747124e-20
2.098468e-03    3.579939e-20
2.147363e-03    3.420354e-20
2.197395e-03    3.268042e-20
2.248596e-03    3.122666e-20
2.300987e-03    2.983930e-20
2.354600e-03    2.851532e-20
2.409463e-03    2.725192e-20
2.465604e-03    2.604640e-20
2.523051e-03    2.489629e-20
2.581840e-03    2.379902e-20
2.641995e-03    2.275238e-20
2.703555e-03    2.175403e-20
2.766546e-03    2.080196e-20
2.831007e-03    1.989405e-20
2.896970e-03    1.902841e-20
2.964469e-03    1.820321e-20
3.033541e-03    1.741667e-20
3.104224e-03    1.666711e-20
3.176552e-03    1.595296e-20
3.250565e-03    1.527268e-20
3.326303e-03    1.462480e-20
3.403807e-03    1.400795e-20
3.483114e-03    1.342081e-20
3.564271e-03    1.286209e-20
3.647319e-03    1.233061e-20
3.732301e-03    1.182523e-20
3.819263e-03    1.134483e-20
3.908253e-03    1.088836e-20
3.999315e-03    1.045484e-20
4.092499e-03    1.004330e-20
4.187855e-03    9.652835e-21
4.285431e-03    9.282576e-21
4.385282e-03    8.931676e-21
4.487460e-03    8.599341e-21
4.592017e-03    8.284805e-21
4.699012e-03    7.987328e-21
4.808499e-03    7.706208e-21
4.920536e-03    7.440765e-21
5.035185e-03    7.190337e-21
5.152505e-03    6.954301e-21
5.272558e-03    6.732048e-21
5.395408e-03    6.522986e-21
5.521122e-03    6.326545e-21
5.649763e-03    6.142177e-21
5.781403e-03    5.969342e-21
5.916109e-03    5.807523e-21
6.053955e-03    5.656212e-21
6.195011e-03    5.514923e-21
6.339356e-03    5.383174e-21
6.487064e-03    5.260504e-21
6.638212e-03    5.146463e-21
6.792882e-03    5.040613e-21
6.951155e-03    4.942529e-21
7.113118e-03    4.851800e-21
7.278853e-03    4.768030e-21
7.448452e-03    4.690833e-21
7.622001e-03    4.619842e-21
7.799592e-03    4.554701e-21
7.981323e-03    4.495069e-21
8.167287e-03    4.440621e-21
8.357586e-03    4.391046e-21
8.552317e-03    4.346050e-21
8.751586e-03    4.305353e-21
8.955498e-03    4.268691e-21
9.164160e-03    4.235815e-21
9.377686e-03    4.206490e-21
9.596187e-03    4.180500e-21
9.819778e-03    4.157641e-21
1.004858e-02    4.137722e-21
1.028271e-02    4.120571e-21
1.052230e-02    4.106025e-21
1.076747e-02    4.093938e-21
1.101835e-02    4.084174e-21
1.127508e-02    4.076612e-21
1.153779e-02    4.071142e-21
1.180662e-02    4.067666e-21
1.208171e-02    4.066096e-21
1.236321e-02    4.066357e-21
1.265128e-02    4.068382e-21
1.294605e-02    4.072117e-21
1.324770e-02    4.077514e-21
1.355636e-02    4.084538e-21
1.387223e-02    4.093160e-21
1.419545e-02    4.103362e-21
1.452621e-02    4.115133e-21
1.486467e-02    4.128473e-21
1.521101e-02    4.143388e-21
1.556543e-02    4.159894e-21
1.592811e-02    4.178014e-21
1.629923e-02    4.197780e-21
1.667900e-02    4.219234e-21
1.706762e-02    4.242426e-21
1.746530e-02    4.267413e-21
1.787224e-02    4.294265e-21
1.828866e-02    4.323059e-21
1.871479e-02    4.353884e-21
1.915084e-02    4.386841e-21
1.959706e-02    4.422038e-21
2.005368e-02    4.459601e-21
2.052093e-02    4.499667e-21
2.099905e-02    4.542387e-21
2.148833e-02    4.587928e-21
2.198901e-02    4.636477e-21
2.250136e-02    4.688235e-21
2.302563e-02    4.743428e-21
2.356214e-02    4.802304e-21
2.411113e-02    4.865134e-21
2.467293e-02    4.932221e-21
2.524780e-02    5.003894e-21
2.583607e-02    5.080524e-21
2.643806e-02    5.162513e-21
2.705406e-02    5.250313e-21
2.768443e-02    5.344421e-21
2.832946e-02    5.445391e-21
2.898955e-02    5.553839e-21
2.966500e-02    5.670449e-21
3.035619e-02    5.795984e-21
3.106350e-02    5.931297e-21
3.178727e-02    6.077336e-21
3.252792e-02    6.235167e-21
3.328582e-02    6.405977e-21
3.406137e-02    6.591092e-21
3.485502e-02    6.792000e-21
3.566714e-02    7.010353e-21
3.649818e-02    7.247986e-21
3.734858e-02    7.506938e-21
3.821880e-02    7.789436e-21
3.910930e-02    8.097904e-21
4.002055e-02    8.434929e-21
4.095303e-02    8.803203e-21
4.190724e-02    9.205397e-21
4.288367e-02    9.644002e-21
4.388286e-02    1.012101e-20
4.490534e-02    1.063744e-20
4.595162e-02    1.119272e-20
4.702229e-02    1.178366e-20
4.811793e-02    1.240334e-20
4.923906e-02    1.303960e-20
5.038634e-02    1.367378e-20
5.156034e-02    1.427997e-20
5.276169e-02    1.482568e-20
5.399105e-02    1.527488e-20
5.524903e-02    1.559352e-20
5.653634e-02    1.575667e-20
5.785363e-02    1.575469e-20
5.920163e-02    1.559587e-20
6.058103e-02    1.530414e-20
6.199256e-02    1.491308e-20
6.343698e-02    1.445895e-20
6.491507e-02    1.397513e-20
6.642758e-02    1.348905e-20
6.797535e-02    1.302133e-20
6.955917e-02    1.258636e-20
7.117990e-02    1.219355e-20
7.283840e-02    1.184872e-20
7.453553e-02    1.155525e-20
7.627220e-02    1.131512e-20
7.804936e-02    1.112959e-20
7.986791e-02    1.099977e-20
8.172883e-02    1.092703e-20
8.363311e-02    1.091329e-20
8.558177e-02    1.096127e-20
8.757581e-02    1.107476e-20
8.961632e-02    1.125874e-20
9.170440e-02    1.151961e-20
9.384110e-02    1.186526e-20
9.602760e-02    1.230507e-20
9.826505e-02    1.284955e-20
1.005546e-01    1.350945e-20
1.028976e-01    1.429373e-20
1.052951e-01    1.520557e-20
1.077484e-01    1.623559e-20
1.102590e-01    1.735141e-20
1.128280e-01    1.848560e-20
1.154569e-01    1.952917e-20
1.181470e-01    2.034462e-20
1.208999e-01    2.080876e-20
1.237168e-01    2.086990e-20
1.265994e-01    2.057667e-20
1.295492e-01    2.005276e-20
1.325677e-01    1.944250e-20
1.356565e-01    1.886885e-20
1.388173e-01    1.841972e-20
1.420518e-01    1.815370e-20
1.453616e-01    1.811205e-20
1.487485e-01    1.833011e-20
1.522143e-01    1.884582e-20
1.557609e-01    1.970484e-20
1.593902e-01    2.096062e-20
1.631039e-01    2.266331e-20
1.669043e-01    2.482287e-20
1.707931e-01    2.732247e-20
1.747726e-01    2.978257e-20
1.788448e-01    3.151979e-20
1.830119e-01    3.190359e-20
1.872761e-01    3.094924e-20
1.916396e-01    2.930692e-20
1.960674e-01    2.769242e-20
2.005975e-01    2.651298e-20
2.052324e-01    2.596485e-20
2.099743e-01    2.614963e-20
2.148256e-01    2.715907e-20
2.197892e-01    2.910206e-20
2.248674e-01    3.205106e-20
2.300630e-01    3.581126e-20
2.353785e-01    3.943687e-20
2.408169e-01    4.114167e-20
2.463810e-01    3.998024e-20
2.520736e-01    3.721335e-20
2.578977e-01    3.462825e-20
2.638563e-01    3.317014e-20
2.699528e-01    3.319245e-20
2.761901e-01    3.491988e-20
2.825713e-01    3.860617e-20
2.891002e-01    4.420153e-20
2.957797e-01    4.999851e-20
3.026138e-01    5.180986e-20
3.096055e-01    4.838579e-20
3.167591e-01    4.380549e-20
3.240778e-01    4.111723e-20
3.315655e-01    4.122894e-20
3.392262e-01    4.454320e-20
3.470640e-01    5.127287e-20
3.550829e-01    5.923732e-20
3.632872e-01    6.105612e-20
3.716807e-01    5.521245e-20
3.802684e-01    4.950770e-20
3.854081e-01    4.797663e-20
3.906171e-01    4.808023e-20
3.958964e-01    4.995447e-20
4.012470e-01    5.375335e-20
4.066701e-01    5.945843e-20
4.121665e-01    6.621134e-20
4.177372e-01    7.135239e-20
4.233830e-01    7.159854e-20
4.291054e-01    6.722169e-20
4.349049e-01    6.167279e-20
4.407828e-01    5.751766e-20
4.467403e-01    5.568342e-20
4.527781e-01    5.644388e-20
4.588977e-01    6.000680e-20
4.650998e-01    6.647361e-20
4.713860e-01    7.488357e-20
4.777571e-01    8.130041e-20
4.842140e-01    8.057422e-20
4.907586e-01    7.401749e-20
4.973914e-01    6.723316e-20
5.041138e-01    6.327849e-20
5.109273e-01    6.295565e-20
5.178326e-01    6.658394e-20
5.248314e-01    7.440384e-20
5.319248e-01    8.511108e-20
5.391141e-01    9.233679e-20
5.464003e-01    8.894726e-20
5.537852e-01    7.976640e-20
5.612699e-01    7.269324e-20
5.688558e-01    7.044898e-20
5.743108e-01    7.211751e-20
5.798181e-01    7.667587e-20
5.853782e-01    8.410818e-20
5.909916e-01    9.336628e-20
5.966588e-01    1.009175e-19
6.023804e-01    1.018232e-19
6.081570e-01    9.574314e-20
6.139889e-01    8.749475e-20
6.198766e-01    8.101775e-20
6.258209e-01    7.775460e-20
6.318221e-01    7.806058e-20
6.378809e-01    8.214737e-20
6.439978e-01    9.016195e-20
6.501735e-01    1.011965e-19
6.564081e-01    1.109053e-19
6.627026e-01    1.121097e-19
6.690577e-01    1.042544e-19
6.754734e-01    9.440517e-20
6.819508e-01    8.757777e-20
6.884904e-01    8.524251e-20
6.950926e-01    8.773806e-20
7.017582e-01    9.532375e-20
7.084875e-01    1.074653e-19
7.152815e-01    1.196620e-19
7.221406e-01    1.221982e-19
7.290655e-01    1.129434e-19
7.360569e-01    1.013375e-19
7.431153e-01    9.395049e-20
7.502412e-01    9.243829e-20
7.574356e-01    9.719680e-20
7.630694e-01    1.054037e-19
7.687452e-01    1.169084e-19
7.744634e-01    1.284356e-19
7.802239e-01    1.333659e-19
7.860272e-01    1.280610e-19
7.918738e-01    1.173266e-19
7.977639e-01    1.075296e-19
8.036978e-01    1.015615e-19
8.096757e-01    1.001356e-19
8.156981e-01    1.034624e-19
8.217655e-01    1.117320e-19
8.278778e-01    1.244035e-19
8.340357e-01    1.377662e-19
8.402394e-01    1.433426e-19
8.464891e-01    1.364321e-19
8.527854e-01    1.237545e-19
8.591286e-01    1.131644e-19
8.655188e-01    1.076706e-19
8.719566e-01    1.078841e-19
8.784424e-01    1.140669e-19
8.849763e-01    1.262729e-19
8.915589e-01    1.422315e-19
8.981905e-01    1.532492e-19
9.048713e-01    1.494031e-19
9.116018e-01    1.354445e-19
9.183824e-01    1.225578e-19
9.252134e-01    1.156848e-19
9.320953e-01    1.158000e-19
9.390284e-01    1.232197e-19
9.460129e-01    1.378288e-19
9.517622e-01    1.526107e-19
9.575464e-01    1.629089e-19
9.633659e-01    1.611906e-19
9.692205e-01    1.493875e-19
9.751108e-01    1.359687e-19
9.810370e-01    1.263144e-19
9.869991e-01    1.220356e-19
9.929975e-01    1.234472e-19
9.990325e-01    1.307664e-19
1.005104e+00    1.439291e-19
1.011212e+00    1.606443e-19
1.017358e+00    1.730103e-19
1.023541e+00    1.712596e-19
1.029761e+00    1.576528e-19
1.036019e+00    1.428167e-19
1.042316e+00    1.329496e-19
1.048650e+00    1.296522e-19
1.055023e+00    1.332296e-19
1.061435e+00    1.439100e-19
1.067886e+00    1.608845e-19
1.074376e+00    1.784422e-19
1.080905e+00    1.838966e-19
1.087474e+00    1.722696e-19
1.094083e+00    1.549471e-19
1.100732e+00    1.420808e-19
1.107422e+00    1.367600e-19
1.114152e+00    1.394911e-19
1.120923e+00    1.505674e-19
1.127736e+00    1.692394e-19
1.134589e+00    1.888379e-19
1.140419e+00    1.945446e-19
1.146279e+00    1.852332e-19
1.152169e+00    1.689336e-19
1.158089e+00    1.547305e-19
1.164040e+00    1.463705e-19
1.170021e+00    1.446585e-19
1.176033e+00    1.498008e-19
1.182076e+00    1.619553e-19
1.188150e+00    1.800503e-19
1.194255e+00    1.982533e-19
1.200392e+00    2.045519e-19
1.206560e+00    1.936057e-19
1.212760e+00    1.754012e-19
1.218991e+00    1.604209e-19
1.225255e+00    1.525070e-19
1.231550e+00    1.523624e-19
1.237879e+00    1.602296e-19
1.244239e+00    1.761203e-19
1.250633e+00    1.973671e-19
1.257059e+00    2.135674e-19
1.263518e+00    2.110186e-19
1.270011e+00    1.929671e-19
1.276536e+00    1.741016e-19
1.283095e+00    1.623201e-19
1.289688e+00    1.593946e-19
1.296316e+00    1.656401e-19
1.302976e+00    1.812151e-19
1.309671e+00    2.038983e-19
1.316401e+00    2.228510e-19
1.323165e+00    2.213139e-19
1.329055e+00    2.046235e-19
1.334970e+00    1.858973e-19
1.340912e+00    1.724981e-19
1.346881e+00    1.665328e-19
1.352876e+00    1.683488e-19
1.358898e+00    1.781639e-19
1.364946e+00    1.957858e-19
1.371022e+00    2.179840e-19
1.377124e+00    2.341205e-19
1.383254e+00    2.313962e-19
1.389411e+00    2.129486e-19
1.395595e+00    1.927951e-19
1.401807e+00    1.791351e-19
1.408046e+00    1.740746e-19
1.414314e+00    1.779428e-19
1.420609e+00    1.909661e-19
1.426932e+00    2.123023e-19
1.433283e+00    2.356589e-19
1.439663e+00    2.456647e-19
1.446071e+00    2.331700e-19
1.452507e+00    2.104236e-19
1.458973e+00    1.916904e-19
1.465467e+00    1.821102e-19
1.471989e+00    1.825320e-19
1.478541e+00    1.932281e-19
1.485122e+00    2.139710e-19
1.491733e+00    2.400487e-19
1.498372e+00    2.558165e-19
1.505042e+00    2.464082e-19
1.511741e+00    2.222327e-19
1.517676e+00    2.031362e-19
1.523635e+00    1.917150e-19
1.529617e+00    1.890211e-19
1.535622e+00    1.952639e-19
1.541651e+00    2.105974e-19
1.547704e+00    2.336748e-19
1.553780e+00    2.572343e-19
1.559880e+00    2.660073e-19
1.566005e+00    2.524585e-19
1.572153e+00    2.288349e-19
1.578325e+00    2.088702e-19
1.584522e+00    1.977923e-19
1.590743e+00    1.965443e-19
1.596989e+00    2.053577e-19
1.603258e+00    2.242749e-19
1.609553e+00    2.505909e-19
1.615872e+00    2.728574e-19
1.622216e+00    2.734087e-19
1.628585e+00    2.523381e-19
1.634979e+00    2.274032e-19
1.641398e+00    2.101848e-19
1.647843e+00    2.036924e-19
1.654312e+00    2.083393e-19
1.660807e+00    2.243627e-19
1.667328e+00    2.504508e-19
1.673874e+00    2.776589e-19
1.680446e+00    2.859557e-19
1.687043e+00    2.673998e-19
1.693667e+00    2.399759e-19
1.700316e+00    2.195824e-19
1.706288e+00    2.112435e-19
1.712280e+00    2.127676e-19
1.718294e+00    2.243703e-19
1.724328e+00    2.458353e-19
1.730384e+00    2.734453e-19
1.736462e+00    2.945138e-19
1.742560e+00    2.926231e-19
1.748680e+00    2.701159e-19
1.754821e+00    2.443391e-19
1.760984e+00    2.262033e-19
1.767169e+00    2.186489e-19
1.773375e+00    2.220826e-19
1.779603e+00    2.367356e-19
1.785853e+00    2.618731e-19
1.792125e+00    2.911188e-19
1.798419e+00    3.070319e-19
1.804735e+00    2.954245e-19
1.811074e+00    2.678304e-19
1.817434e+00    2.428693e-19
1.823817e+00    2.284318e-19
1.830222e+00    2.259847e-19
1.836650e+00    2.357891e-19
1.843100e+00    2.578790e-19
1.849573e+00    2.888558e-19
1.856069e+00    3.141901e-19
1.862588e+00    3.124502e-19
1.869129e+00    2.861105e-19
1.875693e+00    2.573211e-19
1.882281e+00    2.387677e-19
1.888892e+00    2.333038e-19
1.894893e+00    2.399445e-19
1.900913e+00    2.577677e-19
1.906952e+00    2.853774e-19
1.913010e+00    3.147110e-19
1.919088e+00    3.275846e-19
1.925184e+00    3.129112e-19
1.931301e+00    2.840916e-19
1.937437e+00    2.586174e-19
1.943592e+00    2.436689e-19
1.949766e+00    2.406041e-19
1.955961e+00    2.496525e-19
1.962176e+00    2.709172e-19
1.968409e+00    3.018962e-19
1.974663e+00    3.307453e-19
1.980937e+00    3.361415e-19
1.987231e+00    3.134629e-19
1.993544e+00    2.825693e-19
1.999877e+00    2.593850e-19
2.006230e+00    2.486986e-19
2.012605e+00    2.511642e-19
2.018999e+00    2.670322e-19
2.025413e+00    2.955753e-19
2.031847e+00    3.295251e-19
2.038303e+00    3.479931e-19
2.044779e+00    3.338158e-19
2.051274e+00    3.014572e-19
2.057791e+00    2.730980e-19
2.064330e+00    2.575426e-19
2.070888e+00    2.562556e-19
2.077467e+00    2.695148e-19
