# Code: cgiSensePlot.c v4.0 (sll - 13 February 2009 Build)
# from WWW Sensitivity Curve Generator located at:
#   http://www.srl.caltech.edu/~shane/sensitivity/MakeCurve.html
# EQUAL ARM Space Based Observatory Sensitivity Curve
# Polarization and All Sky Averaged
# 
# For this data file:
# SNR = 1.000000 
# Armlength = 2.500000e+09 	meters
# Optics diameter = 0.300000 	meters
# Wavelength = 1064.000000 	nanometers
# Laser power = 2.000000 Watts
# Optical train efficiency = 0.300000 
# Accleration noise = 3.000000e-15 m/(s^2 root Hz)
# Position noise = 1.000000e-11 m/(root Hz)
# Sensitivity Floor Set by Position Noise Budget
# Output Curve type is Root Spectral Density, per root Hz
# Astrophysical Noise is No White Dwarf Noise
#
#
#
# f [Hz] 	 hf [Hz^(-1/2)]
1.953007e-07    4.115269e-12
1.998512e-07    3.929997e-12
2.045077e-07    3.753070e-12
2.092727e-07    3.584104e-12
2.141488e-07    3.422744e-12
2.191385e-07    3.268650e-12
2.242444e-07    3.121494e-12
2.294693e-07    2.980965e-12
2.348160e-07    2.846757e-12
2.402872e-07    2.718595e-12
2.458859e-07    2.596202e-12
2.516150e-07    2.479322e-12
2.574776e-07    2.367701e-12
2.634769e-07    2.261105e-12
2.696159e-07    2.159309e-12
2.758979e-07    2.062097e-12
2.823264e-07    1.969259e-12
2.889046e-07    1.880603e-12
2.956360e-07    1.795938e-12
3.025243e-07    1.715084e-12
3.095731e-07    1.637870e-12
3.167862e-07    1.564132e-12
3.241673e-07    1.493714e-12
3.317203e-07    1.426467e-12
3.394495e-07    1.362246e-12
3.473587e-07    1.300917e-12
3.554520e-07    1.242350e-12
3.637341e-07    1.186418e-12
3.722092e-07    1.133005e-12
3.808816e-07    1.081997e-12
3.897561e-07    1.033285e-12
3.988375e-07    9.867654e-13
4.081304e-07    9.423409e-13
4.176398e-07    8.999161e-13
4.273709e-07    8.594012e-13
4.373287e-07    8.207103e-13
4.475184e-07    7.837618e-13
4.579455e-07    7.484767e-13
4.686158e-07    7.147795e-13
4.795345e-07    6.825998e-13
4.907077e-07    6.518688e-13
5.021411e-07    6.225214e-13
5.138410e-07    5.944951e-13
5.258135e-07    5.677307e-13
5.380650e-07    5.421712e-13
5.506018e-07    5.177626e-13
5.634308e-07    4.944527e-13
5.765589e-07    4.721920e-13
5.899927e-07    4.509336e-13
6.037395e-07    4.306324e-13
6.178066e-07    4.112452e-13
6.322015e-07    3.927307e-13
6.469318e-07    3.750497e-13
6.620052e-07    3.581649e-13
6.774301e-07    3.420400e-13
6.932140e-07    3.266414e-13
7.093660e-07    3.119357e-13
7.258941e-07    2.978923e-13
7.428076e-07    2.844810e-13
7.601150e-07    2.716735e-13
7.778256e-07    2.594426e-13
7.959489e-07    2.477624e-13
8.144946e-07    2.366080e-13
8.334723e-07    2.259558e-13
8.528923e-07    2.157831e-13
8.727645e-07    2.060685e-13
8.931000e-07    1.967912e-13
9.139092e-07    1.879316e-13
9.352033e-07    1.794708e-13
9.569935e-07    1.713910e-13
9.792915e-07    1.636748e-13
1.002109e-06    1.563061e-13
1.025458e-06    1.492691e-13
1.049351e-06    1.425490e-13
1.073801e-06    1.361313e-13
1.098821e-06    1.300026e-13
1.124423e-06    1.241499e-13
1.150622e-06    1.185606e-13
1.177432e-06    1.132229e-13
1.204866e-06    1.081256e-13
1.232939e-06    1.032577e-13
1.261667e-06    9.860897e-14
1.291064e-06    9.416955e-14
1.321146e-06    8.992998e-14
1.351928e-06    8.588130e-14
1.383428e-06    8.201489e-14
1.415662e-06    7.832254e-14
1.448647e-06    7.479641e-14
1.482400e-06    7.142904e-14
1.516940e-06    6.821326e-14
1.552285e-06    6.514228e-14
1.588453e-06    6.220954e-14
1.625464e-06    5.940883e-14
1.663337e-06    5.673422e-14
1.702093e-06    5.418001e-14
1.741752e-06    5.174081e-14
1.782335e-06    4.941141e-14
1.823863e-06    4.718689e-14
1.866359e-06    4.506251e-14
1.909845e-06    4.303377e-14
1.954345e-06    4.109637e-14
1.999881e-06    3.924621e-14
2.046478e-06    3.747933e-14
2.094161e-06    3.579200e-14
2.142956e-06    3.418057e-14
2.192885e-06    3.264179e-14
2.243981e-06    3.117221e-14
2.296265e-06    2.976883e-14
2.349767e-06    2.842865e-14
2.404517e-06    2.714876e-14
2.460543e-06    2.592651e-14
2.517873e-06    2.475929e-14
2.576540e-06    2.364461e-14
2.636573e-06    2.258012e-14
2.698005e-06    2.156356e-14
2.760868e-06    2.059276e-14
2.825197e-06    1.966565e-14
2.891025e-06    1.878029e-14
2.958385e-06    1.793480e-14
3.027315e-06    1.712736e-14
3.097853e-06    1.635627e-14
3.170032e-06    1.561991e-14
3.243894e-06    1.491669e-14
3.319476e-06    1.424514e-14
3.396820e-06    1.360382e-14
3.475967e-06    1.299136e-14
3.556956e-06    1.240649e-14
3.639834e-06    1.184794e-14
3.724642e-06    1.131454e-14
3.811425e-06    1.080516e-14
3.900231e-06    1.031870e-14
3.991108e-06    9.854144e-15
4.084100e-06    9.410511e-15
4.179259e-06    8.986844e-15
4.276637e-06    8.582249e-15
4.376282e-06    8.195875e-15
4.478249e-06    7.826893e-15
4.582593e-06    7.474521e-15
4.689368e-06    7.138012e-15
4.798630e-06    6.816656e-15
4.910438e-06    6.509768e-15
5.024851e-06    6.216695e-15
5.141930e-06    5.936816e-15
5.261736e-06    5.669538e-15
5.384335e-06    5.414292e-15
5.509789e-06    5.170540e-15
5.638169e-06    4.937757e-15
5.769537e-06    4.715458e-15
5.903967e-06    4.503167e-15
6.041531e-06    4.300430e-15
6.182299e-06    4.106822e-15
6.326346e-06    3.921932e-15
6.473750e-06    3.745364e-15
6.624587e-06    3.576747e-15
6.778940e-06    3.415720e-15
6.936889e-06    3.261943e-15
7.098519e-06    3.115088e-15
7.263915e-06    2.974845e-15
7.433164e-06    2.840916e-15
7.606356e-06    2.713017e-15
7.783585e-06    2.590875e-15
7.964942e-06    2.474233e-15
8.150526e-06    2.362841e-15
8.340433e-06    2.256465e-15
8.534765e-06    2.154878e-15
8.733625e-06    2.057865e-15
8.937119e-06    1.965218e-15
9.145354e-06    1.876743e-15
9.358440e-06    1.792251e-15
9.576492e-06    1.711563e-15
9.799623e-06    1.634508e-15
1.002796e-05    1.560922e-15
1.026161e-05    1.490648e-15
1.050070e-05    1.423538e-15
1.074537e-05    1.359450e-15
1.099573e-05    1.298247e-15
1.125194e-05    1.239799e-15
1.151411e-05    1.183983e-15
1.178238e-05    1.130679e-15
1.205691e-05    1.079776e-15
1.233784e-05    1.031164e-15
1.262531e-05    9.847401e-16
1.291948e-05    9.404065e-16
1.322051e-05    8.980689e-16
1.352854e-05    8.576374e-16
1.384376e-05    8.190262e-16
1.416632e-05    7.821532e-16
1.449639e-05    7.469404e-16
1.483416e-05    7.133126e-16
1.517980e-05    6.811989e-16
1.553348e-05    6.505311e-16
1.589541e-05    6.212439e-16
1.626578e-05    5.932752e-16
1.664477e-05    5.665655e-16
1.703259e-05    5.410585e-16
1.742945e-05    5.166998e-16
1.783556e-05    4.934377e-16
1.825113e-05    4.712229e-16
1.867638e-05    4.500082e-16
1.911155e-05    4.298258e-16
1.955685e-05    4.101898e-16
2.001251e-05    3.921050e-16
2.047880e-05    3.743645e-16
2.095596e-05    3.575259e-16
2.144424e-05    3.413308e-16
2.194387e-05    3.259805e-16
2.245517e-05    3.114245e-16
2.297838e-05    2.972189e-16
2.351378e-05    2.838599e-16
2.406165e-05    2.712117e-16
2.462228e-05    2.589264e-16
2.519599e-05    2.472612e-16
2.578305e-05    2.361342e-16
2.638380e-05    2.254588e-16
2.699854e-05    2.153595e-16
2.762760e-05    2.056270e-16
2.827133e-05    1.963753e-16
2.893006e-05    1.875182e-16
2.960412e-05    1.791081e-16
3.029390e-05    1.710155e-16
3.099973e-05    1.633423e-16
3.172204e-05    1.559872e-16
3.246116e-05    1.489379e-16
3.321751e-05    1.422554e-16
3.399148e-05    1.358437e-16
3.478347e-05    1.297325e-16
3.559393e-05    1.238898e-16
3.642327e-05    1.183100e-16
3.727194e-05    1.129913e-16
3.814036e-05    1.079063e-16
3.902903e-05    1.030470e-16
3.993841e-05    9.840595e-17
4.086898e-05    9.397523e-17
4.182122e-05    8.974510e-17
4.279566e-05    8.570478e-17
4.379280e-05    8.184773e-17
4.481318e-05    7.816299e-17
4.585732e-05    7.464493e-17
4.692580e-05    7.128412e-17
4.801916e-05    6.807445e-17
4.913800e-05    6.500795e-17
5.028294e-05    6.208181e-17
5.145453e-05    5.928775e-17
5.265342e-05    5.661770e-17
5.388024e-05    5.406862e-17
5.513564e-05    5.163463e-17
5.642030e-05    4.931000e-17
5.773490e-05    4.708949e-17
5.908011e-05    4.497017e-17
6.045668e-05    4.294520e-17
6.186534e-05    4.101202e-17
6.330680e-05    3.916540e-17
6.478183e-05    3.740212e-17
6.629126e-05    3.571849e-17
6.783584e-05    3.411020e-17
6.941641e-05    3.257478e-17
7.103382e-05    3.110826e-17
7.268891e-05    2.970760e-17
7.438256e-05    2.837021e-17
7.611567e-05    2.709302e-17
7.788918e-05    2.587329e-17
7.970398e-05    2.470844e-17
8.156109e-05    2.359605e-17
8.346146e-05    2.253371e-17
8.540612e-05    2.151927e-17
8.739608e-05    2.055043e-17
8.943241e-05    1.962524e-17
9.151618e-05    1.874173e-17
9.364851e-05    1.789795e-17
9.583052e-05    1.709218e-17
9.806338e-05    1.632267e-17
1.003482e-04    1.558785e-17
1.026864e-04    1.488604e-17
1.050790e-04    1.421588e-17
1.075273e-04    1.357586e-17
1.100327e-04    1.296466e-17
1.125964e-04    1.238100e-17
1.152199e-04    1.182360e-17
1.179046e-04    1.129129e-17
1.206517e-04    1.078295e-17
1.234629e-04    1.029749e-17
1.263396e-04    9.833892e-18
1.292833e-04    9.391166e-18
1.322956e-04    8.968368e-18
1.353781e-04    8.564605e-18
1.385324e-04    8.179024e-18
1.417602e-04    7.810798e-18
1.450632e-04    7.459150e-18
1.484432e-04    7.123337e-18
1.519019e-04    6.802639e-18
1.554413e-04    6.496379e-18
1.590630e-04    6.203909e-18
1.627692e-04    5.924605e-18
1.665617e-04    5.657876e-18
1.704426e-04    5.403155e-18
1.744139e-04    5.159902e-18
1.784778e-04    4.927599e-18
1.826363e-04    4.705756e-18
1.868917e-04    4.493900e-18
1.912464e-04    4.291579e-18
1.957023e-04    4.098376e-18
2.002621e-04    3.913864e-18
2.049283e-04    3.737657e-18
2.097031e-04    3.569387e-18
2.145891e-04    3.408692e-18
2.195891e-04    3.255229e-18
2.247055e-04    3.108678e-18
2.299412e-04    2.968722e-18
2.352989e-04    2.835069e-18
2.407814e-04    2.707432e-18
2.463915e-04    2.585544e-18
2.521324e-04    2.469143e-18
2.580071e-04    2.357981e-18
2.640188e-04    2.251822e-18
2.701704e-04    2.150445e-18
2.764653e-04    2.053632e-18
2.829070e-04    1.961177e-18
2.894987e-04    1.872885e-18
2.962440e-04    1.788567e-18
3.031465e-04    1.708047e-18
3.102098e-04    1.631151e-18
3.174378e-04    1.557716e-18
3.248339e-04    1.487590e-18
3.324026e-04    1.420619e-18
3.401477e-04    1.356663e-18
3.480731e-04    1.295588e-18
3.561832e-04    1.237262e-18
3.644823e-04    1.181562e-18
3.729747e-04    1.128370e-18
3.816651e-04    1.077573e-18
3.905577e-04    1.029064e-18
3.996578e-04    9.827377e-19
4.089697e-04    9.384981e-19
4.184987e-04    8.962503e-19
4.282498e-04    8.559042e-19
4.382280e-04    8.173752e-19
4.484387e-04    7.805811e-19
4.588874e-04    7.454434e-19
4.695794e-04    7.118884e-19
4.805206e-04    6.798439e-19
4.917167e-04    6.492429e-19
5.031738e-04    6.200192e-19
5.148976e-04    5.921124e-19
5.268949e-04    5.654616e-19
5.391715e-04    5.400114e-19
5.517341e-04    5.157075e-19
5.645896e-04    4.924978e-19
5.777444e-04    4.703339e-19
5.912059e-04    4.491681e-19
6.049810e-04    4.289557e-19
6.190771e-04    4.096538e-19
6.335016e-04    3.912213e-19
6.482622e-04    3.736192e-19
6.633666e-04    3.568104e-19
6.788231e-04    3.407588e-19
6.946397e-04    3.254305e-19
7.108249e-04    3.107929e-19
7.273870e-04    2.968152e-19
7.443352e-04    2.834673e-19
7.616783e-04    2.707212e-19
7.794252e-04    2.585499e-19
7.975859e-04    2.469272e-19
8.161697e-04    2.358287e-19
8.351864e-04    2.252309e-19
8.546462e-04    2.151112e-19
8.745595e-04    2.054480e-19
8.949368e-04    1.962210e-19
9.157887e-04    1.874105e-19
9.371265e-04    1.789979e-19
9.589617e-04    1.709652e-19
9.813056e-04    1.632954e-19
1.004170e-03    1.559724e-19
1.027567e-03    1.489804e-19
1.051509e-03    1.423046e-19
1.076010e-03    1.359310e-19
1.101081e-03    1.298460e-19
1.126736e-03    1.240366e-19
1.152989e-03    1.184905e-19
1.179853e-03    1.131960e-19
1.207344e-03    1.081417e-19
1.235475e-03    1.033171e-19
1.264262e-03    9.871178e-20
1.293719e-03    9.431604e-20
1.323863e-03    9.012053e-20
1.354709e-03    8.611634e-20
1.386273e-03    8.229496e-20
1.418573e-03    7.864830e-20
1.451626e-03    7.516859e-20
1.485449e-03    7.184843e-20
1.520060e-03    6.868081e-20
1.555477e-03    6.565896e-20
1.591720e-03    6.277647e-20
1.628807e-03    6.002721e-20
1.666758e-03    5.740532e-20
1.705594e-03    5.490524e-20
1.745334e-03    5.252164e-20
1.786000e-03    5.024944e-20
1.827614e-03    4.808380e-20
1.870198e-03    4.602009e-20
1.913773e-03    4.405391e-20
1.958364e-03    4.218104e-20
2.003994e-03    4.039752e-20
2.050688e-03    3.869940e-20
2.098468e-03    3.708319e-20
2.147363e-03    3.554528e-20
2.197395e-03    3.408245e-20
2.248596e-03    3.269140e-20
2.300987e-03    3.136922e-20
2.354600e-03    3.011294e-20
2.409463e-03    2.891980e-20
2.465604e-03    2.778717e-20
2.523051e-03    2.671258e-20
2.581840e-03    2.569349e-20
2.641995e-03    2.472772e-20
2.703555e-03    2.381293e-20
2.766546e-03    2.294709e-20
2.831007e-03    2.212809e-20
2.896970e-03    2.135397e-20
2.964469e-03    2.062287e-20
3.033541e-03    1.993294e-20
3.104224e-03    1.928243e-20
3.176552e-03    1.866965e-20
3.250565e-03    1.809295e-20
3.326303e-03    1.755073e-20
3.403807e-03    1.704145e-20
3.483114e-03    1.656363e-20
3.564271e-03    1.611580e-20
3.647319e-03    1.569655e-20
3.732301e-03    1.530452e-20
3.819263e-03    1.493836e-20
3.908253e-03    1.459678e-20
3.999315e-03    1.427852e-20
4.092499e-03    1.398235e-20
4.187855e-03    1.370709e-20
4.285431e-03    1.345161e-20
4.385282e-03    1.321477e-20
4.487460e-03    1.299551e-20
4.592017e-03    1.279281e-20
4.699012e-03    1.260566e-20
4.808499e-03    1.243312e-20
4.920536e-03    1.227427e-20
5.035185e-03    1.212824e-20
5.152505e-03    1.199421e-20
5.272558e-03    1.187138e-20
5.395408e-03    1.175902e-20
5.521122e-03    1.165641e-20
5.649763e-03    1.156289e-20
5.781403e-03    1.147785e-20
5.916109e-03    1.140068e-20
6.053955e-03    1.133084e-20
6.195011e-03    1.126783e-20
6.339356e-03    1.121116e-20
6.487064e-03    1.116039e-20
6.638212e-03    1.111511e-20
6.792882e-03    1.107495e-20
6.951155e-03    1.103955e-20
7.113118e-03    1.100860e-20
7.278853e-03    1.098179e-20
7.448452e-03    1.095886e-20
7.622001e-03    1.093957e-20
7.799592e-03    1.092370e-20
7.981323e-03    1.091103e-20
8.167287e-03    1.090140e-20
8.357586e-03    1.089463e-20
8.552317e-03    1.089060e-20
8.751586e-03    1.088916e-20
8.955498e-03    1.089020e-20
9.164160e-03    1.089364e-20
9.377686e-03    1.089938e-20
9.596187e-03    1.090736e-20
9.819778e-03    1.091752e-20
1.004858e-02    1.092982e-20
1.028271e-02    1.094422e-20
1.052230e-02    1.096071e-20
1.076747e-02    1.097926e-20
1.101835e-02    1.099989e-20
1.127508e-02    1.102260e-20
1.153779e-02    1.104740e-20
1.180662e-02    1.107434e-20
1.208171e-02    1.110344e-20
1.236321e-02    1.113476e-20
1.265128e-02    1.116835e-20
1.294605e-02    1.120428e-20
1.324770e-02    1.124263e-20
1.355636e-02    1.128349e-20
1.387223e-02    1.132695e-20
1.419545e-02    1.137312e-20
1.452621e-02    1.142214e-20
1.486467e-02    1.147412e-20
1.521101e-02    1.152921e-20
1.556543e-02    1.158758e-20
1.592811e-02    1.164938e-20
1.629923e-02    1.171482e-20
1.667900e-02    1.178410e-20
1.706762e-02    1.185743e-20
1.746530e-02    1.193506e-20
1.787224e-02    1.201724e-20
1.828866e-02    1.210426e-20
1.871479e-02    1.219643e-20
1.915084e-02    1.229407e-20
1.959706e-02    1.239754e-20
2.005368e-02    1.250723e-20
2.052093e-02    1.262358e-20
2.099905e-02    1.274704e-20
2.148833e-02    1.287812e-20
2.198901e-02    1.301736e-20
2.250136e-02    1.316537e-20
2.302563e-02    1.332280e-20
2.356214e-02    1.349037e-20
2.411113e-02    1.366887e-20
2.467293e-02    1.385916e-20
2.524780e-02    1.406220e-20
2.583607e-02    1.427903e-20
2.643806e-02    1.451080e-20
2.705406e-02    1.475880e-20
2.768443e-02    1.502444e-20
2.832946e-02    1.530929e-20
2.898955e-02    1.561508e-20
2.966500e-02    1.594375e-20
3.035619e-02    1.629746e-20
3.106350e-02    1.667861e-20
3.178727e-02    1.708987e-20
3.252792e-02    1.753426e-20
3.328582e-02    1.801511e-20
3.406137e-02    1.853616e-20
3.485502e-02    1.910159e-20
3.566714e-02    1.971607e-20
3.649818e-02    2.038476e-20
3.734858e-02    2.111339e-20
3.821880e-02    2.190824e-20
3.910930e-02    2.277612e-20
4.002055e-02    2.372432e-20
4.095303e-02    2.476040e-20
4.190724e-02    2.589190e-20
4.288367e-02    2.712582e-20
4.388286e-02    2.846775e-20
4.490534e-02    2.992061e-20
4.595162e-02    3.148271e-20
4.702229e-02    3.314517e-20
4.811793e-02    3.488845e-20
4.923906e-02    3.667841e-20
5.038634e-02    3.846255e-20
5.156034e-02    4.016794e-20
5.276169e-02    4.170324e-20
5.399105e-02    4.296707e-20
5.524903e-02    4.386367e-20
5.653634e-02    4.432286e-20
5.785363e-02    4.431757e-20
5.920163e-02    4.387108e-20
6.058103e-02    4.305069e-20
6.199256e-02    4.195087e-20
6.343698e-02    4.067359e-20
6.491507e-02    3.931279e-20
6.642758e-02    3.794561e-20
6.797535e-02    3.663004e-20
6.955917e-02    3.540658e-20
7.117990e-02    3.430170e-20
7.283840e-02    3.333176e-20
7.453553e-02    3.250631e-20
7.627220e-02    3.183088e-20
7.804936e-02    3.130904e-20
7.986791e-02    3.094391e-20
8.172883e-02    3.073933e-20
8.363311e-02    3.070072e-20
8.558177e-02    3.083575e-20
8.757581e-02    3.115503e-20
8.961632e-02    3.167262e-20
9.170440e-02    3.240650e-20
9.384110e-02    3.337888e-20
9.602760e-02    3.461614e-20
9.826505e-02    3.614786e-20
1.005546e-01    3.800427e-20
1.028976e-01    4.021056e-20
1.052951e-01    4.277574e-20
1.077484e-01    4.567335e-20
1.102590e-01    4.881234e-20
1.128280e-01    5.200301e-20
1.154569e-01    5.493875e-20
1.181470e-01    5.723277e-20
1.208999e-01    5.853848e-20
1.237168e-01    5.871051e-20
1.265994e-01    5.788561e-20
1.295492e-01    5.641181e-20
1.325677e-01    5.469507e-20
1.356565e-01    5.308129e-20
1.388173e-01    5.181785e-20
1.420518e-01    5.106950e-20
1.453616e-01    5.095234e-20
1.487485e-01    5.156579e-20
1.522143e-01    5.301656e-20
1.557609e-01    5.543314e-20
1.593902e-01    5.896586e-20
1.631039e-01    6.375582e-20
1.669043e-01    6.983104e-20
1.707931e-01    7.686285e-20
1.747726e-01    8.378354e-20
1.788448e-01    8.867064e-20
1.830119e-01    8.975034e-20
1.872761e-01    8.706561e-20
1.916396e-01    8.244547e-20
1.960674e-01    7.790362e-20
2.005975e-01    7.458567e-20
2.052324e-01    7.304368e-20
2.099743e-01    7.356351e-20
2.148256e-01    7.640321e-20
2.197892e-01    8.186921e-20
2.248674e-01    9.016524e-20
2.300630e-01    1.007434e-19
2.353785e-01    1.109428e-19
2.408169e-01    1.157387e-19
2.463810e-01    1.124714e-19
2.520736e-01    1.046877e-19
2.578977e-01    9.741535e-20
2.638563e-01    9.331344e-20
2.699528e-01    9.337619e-20
2.761901e-01    9.823575e-20
2.825713e-01    1.086059e-19
2.891002e-01    1.243467e-19
2.957797e-01    1.406546e-19
3.026138e-01    1.457502e-19
3.096055e-01    1.361177e-19
3.167591e-01    1.232325e-19
3.240778e-01    1.156700e-19
3.315655e-01    1.159843e-19
3.392262e-01    1.253079e-19
3.470640e-01    1.442396e-19
3.550829e-01    1.666450e-19
3.632872e-01    1.717616e-19
3.716807e-01    1.553223e-19
3.802684e-01    1.392739e-19
3.854081e-01    1.349667e-19
3.906171e-01    1.352582e-19
3.958964e-01    1.405307e-19
4.012470e-01    1.512176e-19
4.066701e-01    1.672670e-19
4.121665e-01    1.862641e-19
4.177372e-01    2.007268e-19
4.233830e-01    2.014193e-19
4.291054e-01    1.891064e-19
4.349049e-01    1.734964e-19
4.407828e-01    1.618073e-19
4.467403e-01    1.566473e-19
4.527781e-01    1.587866e-19
4.588977e-01    1.688097e-19
4.650998e-01    1.870020e-19
4.713860e-01    2.106606e-19
4.777571e-01    2.287123e-19
4.842140e-01    2.266695e-19
4.907586e-01    2.082242e-19
4.973914e-01    1.891387e-19
5.041138e-01    1.780135e-19
5.109273e-01    1.771053e-19
5.178326e-01    1.873123e-19
5.248314e-01    2.093111e-19
5.319248e-01    2.394324e-19
5.391141e-01    2.597596e-19
5.464003e-01    2.502243e-19
5.537852e-01    2.243969e-19
5.612699e-01    2.044989e-19
5.688558e-01    1.981854e-19
5.743108e-01    2.028793e-19
5.798181e-01    2.157027e-19
5.853782e-01    2.366111e-19
5.909916e-01    2.626558e-19
5.966588e-01    2.838988e-19
6.023804e-01    2.864464e-19
6.081570e-01    2.693423e-19
6.139889e-01    2.461381e-19
6.198766e-01    2.279172e-19
6.258209e-01    2.187374e-19
6.318221e-01    2.195981e-19
6.378809e-01    2.310950e-19
6.439978e-01    2.536414e-19
6.501735e-01    2.846836e-19
6.564081e-01    3.119963e-19
6.627026e-01    3.153843e-19
6.690577e-01    2.932859e-19
6.754734e-01    2.655784e-19
6.819508e-01    2.463717e-19
6.884904e-01    2.398022e-19
6.950926e-01    2.468226e-19
7.017582e-01    2.681625e-19
7.084875e-01    3.023187e-19
7.152815e-01    3.366303e-19
7.221406e-01    3.437650e-19
7.290655e-01    3.177297e-19
7.360569e-01    2.850803e-19
7.431153e-01    2.642993e-19
7.502412e-01    2.600452e-19
7.574356e-01    2.734317e-19
7.630694e-01    2.965190e-19
7.687452e-01    3.288839e-19
7.744634e-01    3.613118e-19
7.802239e-01    3.751818e-19
7.860272e-01    3.602581e-19
7.918738e-01    3.300604e-19
7.977639e-01    3.024997e-19
8.036978e-01    2.857103e-19
8.096757e-01    2.816991e-19
8.156981e-01    2.910580e-19
8.217655e-01    3.143217e-19
8.278778e-01    3.499689e-19
8.340357e-01    3.875606e-19
8.402394e-01    4.032480e-19
8.464891e-01    3.838074e-19
8.527854e-01    3.481432e-19
8.591286e-01    3.183514e-19
8.655188e-01    3.028965e-19
8.719566e-01    3.034970e-19
8.784424e-01    3.208901e-19
8.849763e-01    3.552278e-19
8.915589e-01    4.001224e-19
8.981905e-01    4.311168e-19
9.048713e-01    4.202971e-19
9.116018e-01    3.810293e-19
9.183824e-01    3.447766e-19
9.252134e-01    3.254418e-19
9.320953e-01    3.257658e-19
9.390284e-01    3.466388e-19
9.460129e-01    3.877366e-19
9.517622e-01    4.293208e-19
9.575464e-01    4.582915e-19
9.633659e-01    4.534575e-19
9.692205e-01    4.202534e-19
9.751108e-01    3.825038e-19
9.810370e-01    3.553448e-19
9.869991e-01    3.433077e-19
9.929975e-01    3.472786e-19
9.990325e-01    3.678689e-19
1.005104e+00    4.048978e-19
1.011212e+00    4.519207e-19
1.017358e+00    4.867085e-19
1.023541e+00    4.817833e-19
1.029761e+00    4.435050e-19
1.036019e+00    4.017686e-19
1.042316e+00    3.740106e-19
1.048650e+00    3.647346e-19
1.055023e+00    3.747983e-19
1.061435e+00    4.048441e-19
1.067886e+00    4.525963e-19
1.074376e+00    5.019893e-19
1.080905e+00    5.173336e-19
1.087474e+00    4.846248e-19
1.094083e+00    4.358934e-19
1.100732e+00    3.996982e-19
1.107422e+00    3.847298e-19
1.114152e+00    3.924130e-19
1.120923e+00    4.235725e-19
1.127736e+00    4.761001e-19
1.134589e+00    5.312341e-19
1.140419e+00    5.472881e-19
1.146279e+00    5.210935e-19
1.152169e+00    4.752400e-19
1.158089e+00    4.352840e-19
1.164040e+00    4.117658e-19
1.170021e+00    4.069499e-19
1.176033e+00    4.214159e-19
1.182076e+00    4.556089e-19
1.188150e+00    5.065132e-19
1.194255e+00    5.577213e-19
1.200392e+00    5.754405e-19
1.206560e+00    5.446470e-19
1.212760e+00    4.934345e-19
1.218991e+00    4.512923e-19
1.225255e+00    4.290290e-19
1.231550e+00    4.286221e-19
1.237879e+00    4.507539e-19
1.244239e+00    4.954574e-19
1.250633e+00    5.552284e-19
1.257059e+00    6.008028e-19
1.263518e+00    5.936326e-19
1.270011e+00    5.428504e-19
1.276536e+00    4.897784e-19
1.283095e+00    4.566351e-19
1.289688e+00    4.484049e-19
1.296316e+00    4.659749e-19
1.302976e+00    5.097900e-19
1.309671e+00    5.736018e-19
1.316401e+00    6.269192e-19
1.323165e+00    6.225949e-19
1.329055e+00    5.756418e-19
1.334970e+00    5.229619e-19
1.340912e+00    4.852676e-19
1.346881e+00    4.684861e-19
1.352876e+00    4.735947e-19
1.358898e+00    5.012064e-19
1.364946e+00    5.507799e-19
1.371022e+00    6.132274e-19
1.377124e+00    6.586223e-19
1.383254e+00    6.509583e-19
1.389411e+00    5.990619e-19
1.395595e+00    5.423665e-19
1.401807e+00    5.039386e-19
1.408046e+00    4.897026e-19
1.414314e+00    5.005844e-19
1.420609e+00    5.372214e-19
1.426932e+00    5.972436e-19
1.433283e+00    6.629501e-19
1.439663e+00    6.910981e-19
1.446071e+00    6.559482e-19
1.452507e+00    5.919587e-19
1.458973e+00    5.392589e-19
1.465467e+00    5.123080e-19
1.471989e+00    5.134947e-19
1.478541e+00    5.435846e-19
1.485122e+00    6.019381e-19
1.491733e+00    6.752993e-19
1.498372e+00    7.196567e-19
1.505042e+00    6.931896e-19
1.511741e+00    6.251797e-19
1.517676e+00    5.714579e-19
1.523635e+00    5.393279e-19
1.529617e+00    5.317497e-19
1.535622e+00    5.493118e-19
1.541651e+00    5.924475e-19
1.547704e+00    6.573684e-19
1.553780e+00    7.236454e-19
1.559880e+00    7.483253e-19
1.566005e+00    7.102102e-19
1.572153e+00    6.437527e-19
1.578325e+00    5.875887e-19
1.584522e+00    5.564244e-19
1.590743e+00    5.529138e-19
1.596989e+00    5.777074e-19
1.603258e+00    6.309248e-19
1.609553e+00    7.049564e-19
1.615872e+00    7.675960e-19
1.622216e+00    7.691469e-19
1.628585e+00    7.098715e-19
1.634979e+00    6.397253e-19
1.641398e+00    5.912867e-19
1.647843e+00    5.730225e-19
1.654312e+00    5.860952e-19
1.660807e+00    6.311718e-19
1.667328e+00    7.045623e-19
1.673874e+00    7.811033e-19
1.680446e+00    8.044436e-19
1.687043e+00    7.522426e-19
1.693667e+00    6.750944e-19
1.700316e+00    6.177240e-19
1.706288e+00    5.942652e-19
1.712280e+00    5.985528e-19
1.718294e+00    6.311930e-19
1.724328e+00    6.915780e-19
1.730384e+00    7.692496e-19
1.736462e+00    8.285191e-19
1.742560e+00    8.232002e-19
1.748680e+00    7.598835e-19
1.754821e+00    6.873689e-19
1.760984e+00    6.363496e-19
1.767169e+00    6.150977e-19
1.773375e+00    6.247573e-19
1.779603e+00    6.659788e-19
1.785853e+00    7.366951e-19
1.792125e+00    8.189685e-19
1.798419e+00    8.637348e-19
1.804735e+00    8.310812e-19
1.811074e+00    7.534540e-19
1.817434e+00    6.832341e-19
1.823817e+00    6.426188e-19
1.830222e+00    6.357348e-19
1.836650e+00    6.633162e-19
1.843100e+00    7.254589e-19
1.849573e+00    8.126022e-19
1.856069e+00    8.838721e-19
1.862588e+00    8.789773e-19
1.869129e+00    8.048793e-19
1.875693e+00    7.238894e-19
1.882281e+00    6.716957e-19
1.888892e+00    6.563247e-19
1.894893e+00    6.750062e-19
1.900913e+00    7.251460e-19
1.906952e+00    8.028170e-19
1.913010e+00    8.853373e-19
1.919088e+00    9.215530e-19
1.925184e+00    8.802743e-19
1.931301e+00    7.991996e-19
1.937437e+00    7.275361e-19
1.943592e+00    6.854834e-19
1.949766e+00    6.768616e-19
1.955961e+00    7.023164e-19
1.962176e+00    7.621378e-19
1.968409e+00    8.492870e-19
1.974663e+00    9.304448e-19
1.980937e+00    9.456252e-19
1.987231e+00    8.818264e-19
1.993544e+00    7.949173e-19
1.999877e+00    7.296956e-19
2.006230e+00    6.996330e-19
2.012605e+00    7.065691e-19
2.018999e+00    7.512085e-19
2.025413e+00    8.315052e-19
2.031847e+00    9.270120e-19
2.038303e+00    9.789658e-19
2.044779e+00    9.390827e-19
2.051274e+00    8.480522e-19
2.057791e+00    7.682728e-19
2.064330e+00    7.245126e-19
2.070888e+00    7.208922e-19
2.077467e+00    7.581927e-19
