1.000000000000000062e-09 7.508116791596279762e-15
1.059309999999999933e-09 6.467790686954084984e-15
1.122129999999999929e-09 6.157618682656469672e-15
1.188680000000000077e-09 5.550034464420017595e-15
1.259169999999999902e-09 5.091772997296717010e-15
1.333849999999999897e-09 4.623488691129513088e-15
1.412960000000000051e-09 4.375697357095209209e-15
1.496750000000000027e-09 3.951607462367687905e-15
1.585519999999999918e-09 3.888705016290448789e-15
1.679550000000000058e-09 3.558658096898674282e-15
1.779160000000000089e-09 3.150918758813054005e-15
1.884669999999999862e-09 3.016371750067040382e-15
1.996440000000000191e-09 2.829523831099501290e-15
2.114849999999999992e-09 2.596214147609938495e-15
2.240270000000000164e-09 2.460414876910497644e-15
2.373130000000000055e-09 2.292336656994888321e-15
2.513870000000000130e-09 2.112651296927630420e-15
2.662960000000000077e-09 1.992642859724240901e-15
2.820890000000000172e-09 1.856829358775329296e-15
2.988179999999999911e-09 1.791616868867336831e-15
3.165399999999999843e-09 1.713962397505411892e-15
3.353129999999999980e-09 1.626949165408219044e-15
3.551989999999999849e-09 1.545528421353033496e-15
3.762639999999999737e-09 1.427507475659059423e-15
3.985790000000000150e-09 1.382340663838874425e-15
4.222170000000000114e-09 1.370486866029733156e-15
4.472569999999999993e-09 1.315510668907705946e-15
4.737819999999999672e-09 1.213816562773181050e-15
5.018800000000000081e-09 1.197148197226433556e-15
5.316449999999999772e-09 1.157697202277002993e-15
5.631740000000000241e-09 1.133548468925127248e-15
5.965740000000000122e-09 1.116064235742056271e-15
6.319540000000000286e-09 1.102066413679320660e-15
6.694330000000000394e-09 1.062696056810224572e-15
7.091339999999999626e-09 1.004427928643961921e-15
7.511899999999999258e-09 1.026883262308817625e-15
7.957399999999999839e-09 1.001577135333320278e-15
8.429320000000000004e-09 9.931006500652389807e-16
8.929230000000000607e-09 1.012131237024132197e-15
9.458789999999999759e-09 1.007487432280174834e-15
1.001980000000000049e-08 9.827742323659589442e-16
1.061399999999999995e-08 1.036853923771328590e-15
1.124350000000000072e-08 9.991105587583888219e-16
1.191030000000000012e-08 9.947798195027882661e-16
1.261659999999999963e-08 1.023339930190598845e-15
1.336490000000000045e-08 9.906909944881905450e-16
1.415749999999999955e-08 1.004850092711594318e-15
1.499710000000000067e-08 1.003626291257109193e-15
1.588650000000000134e-08 9.792735909961524291e-16
1.682869999999999835e-08 9.702089220832799262e-16
1.782669999999999842e-08 1.024772441970655241e-15
1.888390000000000011e-08 1.036118694215339385e-15
2.000389999999999955e-08 1.082200985418143151e-15
2.119020000000000071e-08 1.047156624388157171e-15
2.244690000000000031e-08 1.019222644677059614e-15
2.377820000000000046e-08 1.092750343692464819e-15
2.518839999999999876e-08 1.108659762600771850e-15
2.668220000000000119e-08 1.115276828604674101e-15
2.826460000000000019e-08 1.099732652766116645e-15
2.994089999999999780e-08 1.182908460922695307e-15
3.171649999999999816e-08 2.123376161612091794e-14
3.359750000000000025e-08 1.190037815907544935e-15
3.559000000000000304e-08 1.232548314493188609e-15
3.770069999999999824e-08 1.262465042297211557e-15
3.993660000000000041e-08 1.296698279107364307e-15
4.230509999999999942e-08 1.374163013809678982e-15
4.481400000000000014e-08 1.410103880556322922e-15
4.747179999999999896e-08 1.388782223432637364e-15
5.028720000000000311e-08 1.514895437658982350e-15
5.326949999999999932e-08 1.569107944726079239e-15
5.642869999999999892e-08 1.757872203955680003e-15
5.977520000000000178e-08 1.798338290034024619e-15
6.332030000000000353e-08 2.758894359559640639e-15
6.707549999999999735e-08 1.931097030763213365e-15
7.105349999999999498e-08 2.066393499314687540e-15
7.526740000000000335e-08 2.313146025137626304e-15
7.973119999999999863e-08 2.240571752836762472e-15
8.445980000000000565e-08 2.463697321121752583e-15
8.946870000000000228e-08 2.568730792465414846e-15
9.477480000000000239e-08 2.894024808533956005e-15
1.003949999999999934e-07 2.736192368237291848e-15
1.063499999999999961e-07 3.109129259533929373e-15
1.126570000000000009e-07 3.261155758046524313e-15
1.193380000000000062e-07 3.510735360097653462e-15
1.264150000000000107e-07 3.508610309510019929e-15
1.339129999999999895e-07 3.861710233044421850e-15
1.418539999999999943e-07 4.161275958069832080e-15
1.502670000000000048e-07 4.310783702426103388e-15
1.591789999999999988e-07 4.654705115051864794e-15
1.686190000000000093e-07 4.829794104540068046e-15
1.786189999999999929e-07 5.108517257507309320e-15
1.892129999999999884e-07 5.764009982295311856e-15
2.004340000000000066e-07 5.706709511093060741e-15
2.123210000000000124e-07 5.801008630919281127e-15
2.249129999999999970e-07 6.400197001967986185e-15
2.382510000000000070e-07 6.827057051925814459e-15
2.523810000000000151e-07 7.226025812920958231e-15
2.673489999999999940e-07 7.637374890955661205e-15
2.832039999999999993e-07 8.231250635535282825e-15
2.999999999999999864e-07 8.761042823331591876e-15
