1.000000000000000062e-09 5.071803213872753374e-16
1.059309999999999933e-09 4.572615549271553762e-16
1.122129999999999929e-09 4.303293847787994042e-16
1.188680000000000077e-09 3.906241427054912337e-16
1.259169999999999902e-09 3.616067666680202171e-16
1.333849999999999897e-09 3.311013808775568698e-16
1.412960000000000051e-09 3.149595345612274087e-16
1.496750000000000027e-09 2.956784952116487473e-16
1.585519999999999918e-09 2.829372041771813236e-16
1.679550000000000058e-09 2.659040699023333979e-16
1.779160000000000089e-09 2.467321291320305740e-16
1.884669999999999862e-09 2.527334996754981003e-16
1.996440000000000191e-09 2.303037804596897844e-16
2.114849999999999992e-09 2.254896870637324561e-16
2.240270000000000164e-09 2.296449199091937004e-16
2.373130000000000055e-09 2.275511758703961930e-16
2.513870000000000130e-09 2.221797310368341958e-16
2.662960000000000077e-09 2.127308453882511111e-16
2.820890000000000172e-09 2.130548207345353834e-16
2.988179999999999911e-09 2.351064896560705285e-16
3.165399999999999843e-09 2.382286063899547539e-16
3.353129999999999980e-09 2.376171800043612358e-16
3.551989999999999849e-09 2.475978026415016501e-16
3.762639999999999737e-09 2.493452772765106876e-16
3.985790000000000150e-09 2.599069684337070291e-16
4.222170000000000114e-09 2.884846297625317265e-16
4.472569999999999993e-09 2.953659040649411332e-16
4.737819999999999672e-09 3.090819671881554212e-16
5.018800000000000081e-09 3.110262936075100013e-16
5.316449999999999772e-09 3.293814180581913511e-16
5.631740000000000241e-09 3.662121497384064231e-16
5.965740000000000122e-09 4.028882460410392712e-16
6.319540000000000286e-09 3.997580654991215785e-16
6.694330000000000394e-09 4.174168564090338266e-16
7.091339999999999626e-09 4.365067360740553362e-16
7.511899999999999258e-09 4.434833530479187717e-16
7.957399999999999839e-09 4.928646904196931605e-16
8.429320000000000004e-09 5.520245808861232230e-16
8.929230000000000607e-09 5.509288516768748920e-16
9.458789999999999759e-09 6.092633876740009682e-16
1.001980000000000049e-08 6.188972665657038677e-16
1.061399999999999995e-08 6.388338460742353482e-16
1.124350000000000072e-08 7.016556540711405809e-16
1.191030000000000012e-08 7.287595358964437025e-16
1.261659999999999963e-08 7.930518030053269502e-16
1.336490000000000045e-08 8.294148338196031887e-16
1.415749999999999955e-08 9.110632618663207173e-16
1.499710000000000067e-08 9.029283025855375400e-16
1.588650000000000134e-08 9.938595967036792465e-16
1.682869999999999835e-08 1.121827486777712829e-15
1.782669999999999842e-08 1.089022018331126224e-15
1.888390000000000011e-08 1.192679898892615505e-15
2.000389999999999955e-08 1.229854053926725073e-15
2.119020000000000071e-08 1.279356348419000682e-15
2.244690000000000031e-08 1.347258355476966431e-15
2.377820000000000046e-08 1.473096451546876820e-15
2.518839999999999876e-08 1.555138583162284940e-15
2.668220000000000119e-08 1.660978435309290577e-15
2.826460000000000019e-08 1.789102858127503056e-15
2.994089999999999780e-08 2.085879454256645309e-15
3.171649999999999816e-08 3.848091884300905859e-14
3.359750000000000025e-08 2.190808570437522430e-15
3.559000000000000304e-08 2.229116402012801554e-15
3.770069999999999824e-08 2.397474483501336515e-15
3.993660000000000041e-08 2.435450275922298417e-15
4.230509999999999942e-08 2.694943618438055511e-15
4.481400000000000014e-08 2.783877934213800873e-15
4.747179999999999896e-08 2.884229653481584352e-15
5.028720000000000311e-08 3.114911484235546937e-15
5.326949999999999932e-08 3.406769157464297429e-15
5.642869999999999892e-08 3.480088146154131166e-15
5.977520000000000178e-08 3.863133257991497348e-15
6.332030000000000353e-08 6.117631681643640277e-15
6.707549999999999735e-08 4.155991792099690941e-15
7.105349999999999498e-08 4.435782213777238050e-15
7.526740000000000335e-08 4.590080808788664325e-15
7.973119999999999863e-08 4.958340691425912528e-15
8.445980000000000565e-08 5.118193827147423498e-15
8.946870000000000228e-08 5.442406344256187673e-15
9.477480000000000239e-08 5.917933847404007461e-15
1.003949999999999934e-07 6.177161558596310462e-15
1.063499999999999961e-07 6.684659688888432759e-15
1.126570000000000009e-07 7.051562954409468198e-15
1.193380000000000062e-07 7.250027500361636371e-15
1.264150000000000107e-07 7.736796900591354963e-15
1.339129999999999895e-07 8.145157626237197813e-15
1.418539999999999943e-07 8.972267159642539384e-15
1.502670000000000048e-07 9.571123491536926827e-15
1.591789999999999988e-07 1.021931135492993944e-14
1.686190000000000093e-07 1.044395955990830073e-14
1.786189999999999929e-07 1.100975427886562778e-14
1.892129999999999884e-07 1.156919281972601445e-14
2.004340000000000066e-07 1.207768706748108880e-14
2.123210000000000124e-07 1.325101857050996699e-14
2.249129999999999970e-07 1.388080197792080000e-14
2.382510000000000070e-07 1.440779554998786057e-14
2.523810000000000151e-07 1.532626328499546492e-14
2.673489999999999940e-07 1.643541636291122393e-14
2.832039999999999993e-07 1.742090857292609846e-14
2.999999999999999864e-07 1.856743977278504687e-14
