1.000000000000000062e-09 2.221417837049121924e-15
1.059309999999999933e-09 1.820879005195704853e-15
1.122129999999999929e-09 1.691896023992757218e-15
1.188680000000000077e-09 1.430201736225522959e-15
1.259169999999999902e-09 1.456067586346870002e-15
1.333849999999999897e-09 1.373323429090904241e-15
1.412960000000000051e-09 1.221595765817195353e-15
1.496750000000000027e-09 1.178729510994783002e-15
1.585519999999999918e-09 1.042446411813336285e-15
1.679550000000000058e-09 1.067795229537245897e-15
1.779160000000000089e-09 9.033552100696601895e-16
1.884669999999999862e-09 8.791400688869209215e-16
1.996440000000000191e-09 9.741981353515823624e-16
2.114849999999999992e-09 8.050241862267244119e-16
2.240270000000000164e-09 8.426774263263493981e-16
2.373130000000000055e-09 8.659391407945480822e-16
2.513870000000000130e-09 7.853105472932348581e-16
2.662960000000000077e-09 8.032074577109578283e-16
2.820890000000000172e-09 8.186662520526909515e-16
2.988179999999999911e-09 8.186804823021618051e-16
3.165399999999999843e-09 8.634346168876947119e-16
3.353129999999999980e-09 8.569219060465778987e-16
3.551989999999999849e-09 8.168779840358656807e-16
3.762639999999999737e-09 8.726605619612359685e-16
3.985790000000000150e-09 1.027604261615336075e-15
4.222170000000000114e-09 9.132784373672686376e-16
4.472569999999999993e-09 1.122444130921445939e-15
4.737819999999999672e-09 9.967957715111456167e-16
5.018800000000000081e-09 1.098912041713302910e-15
5.316449999999999772e-09 1.188757093455176789e-15
5.631740000000000241e-09 1.225129611102433432e-15
5.965740000000000122e-09 1.296555976612656560e-15
6.319540000000000286e-09 1.444389294947868242e-15
6.694330000000000394e-09 1.431648478255049913e-15
7.091339999999999626e-09 1.474936897145094859e-15
7.511899999999999258e-09 1.656685643385612035e-15
7.957399999999999839e-09 1.674241027816036984e-15
8.429320000000000004e-09 1.766528939050390863e-15
8.929230000000000607e-09 1.846668960653207870e-15
9.458789999999999759e-09 1.955150895785284274e-15
1.001980000000000049e-08 1.983445375149640957e-15
1.061399999999999995e-08 2.140775013298338044e-15
1.124350000000000072e-08 2.307572510761579419e-15
1.191030000000000012e-08 2.538742913414038714e-15
1.261659999999999963e-08 2.575599259543300435e-15
1.336490000000000045e-08 2.900641874537858256e-15
1.415749999999999955e-08 2.855645825711322317e-15
1.499710000000000067e-08 3.050529092213349302e-15
1.588650000000000134e-08 3.045719267892232540e-15
1.682869999999999835e-08 3.397102074657162570e-15
1.782669999999999842e-08 3.136342239938508283e-15
1.888390000000000011e-08 3.717761772814726278e-15
2.000389999999999955e-08 4.191927915429843839e-15
2.119020000000000071e-08 4.533273652901400171e-15
2.244690000000000031e-08 4.857780261832558371e-15
2.377820000000000046e-08 4.689018989942352413e-15
2.518839999999999876e-08 5.063312498355202308e-15
2.668220000000000119e-08 5.641487534352087773e-15
2.826460000000000019e-08 5.907308594465841372e-15
2.994089999999999780e-08 7.020873049717535215e-15
3.171649999999999816e-08 1.215230100887276385e-13
3.359750000000000025e-08 7.462153085805731696e-15
3.559000000000000304e-08 7.674800447063754703e-15
3.770069999999999824e-08 8.177887200019942166e-15
3.993660000000000041e-08 7.899164047052700892e-15
4.230509999999999942e-08 8.312979701662333152e-15
4.481400000000000014e-08 8.790784044725476104e-15
4.747179999999999896e-08 9.904775407461291808e-15
5.028720000000000311e-08 1.036232536211105385e-14
5.326949999999999932e-08 1.093599415244219866e-14
5.642869999999999892e-08 1.145473417981622292e-14
5.977520000000000178e-08 1.205434945834904747e-14
6.332030000000000353e-08 2.389111840229021179e-14
6.707549999999999735e-08 1.339635685177130472e-14
7.105349999999999498e-08 1.424077985536606644e-14
7.526740000000000335e-08 1.521412891916589355e-14
7.973119999999999863e-08 1.650917648933465147e-14
8.445980000000000565e-08 1.712572576473767918e-14
8.946870000000000228e-08 1.844752620391145962e-14
9.477480000000000239e-08 1.978014163268301700e-14
1.003949999999999934e-07 2.069879910435023142e-14
1.063499999999999961e-07 2.237910696185730186e-14
1.126570000000000009e-07 2.346174434159254934e-14
1.193380000000000062e-07 2.433965586560849094e-14
1.264150000000000107e-07 2.500292779344050857e-14
1.339129999999999895e-07 2.676003156392476445e-14
1.418539999999999943e-07 3.144406047971937764e-14
1.502670000000000048e-07 3.251185096584013269e-14
1.591789999999999988e-07 3.344160803209454231e-14
1.686190000000000093e-07 3.325950827303374789e-14
1.786189999999999929e-07 3.591776630833617851e-14
1.892129999999999884e-07 3.929289687781050525e-14
2.004340000000000066e-07 4.096566270309806134e-14
2.123210000000000124e-07 4.273557369810600933e-14
2.249129999999999970e-07 4.647893568971862462e-14
2.382510000000000070e-07 4.678678341993602371e-14
2.523810000000000151e-07 5.006154329647658111e-14
2.673489999999999940e-07 5.571142667801642379e-14
2.832039999999999993e-07 5.732134223480814695e-14
2.999999999999999864e-07 5.803522641659114508e-14
