1.000000000000000062e-09 3.921154728500266243e-14
1.059309999999999933e-09 3.522859532646738997e-14
1.122129999999999929e-09 3.229578834470912376e-14
1.188680000000000077e-09 3.062292765109175316e-14
1.259169999999999902e-09 2.752699457623370864e-14
1.333849999999999897e-09 2.566302163222405916e-14
1.412960000000000051e-09 2.306400886888487022e-14
1.496750000000000027e-09 2.116659483861893863e-14
1.585519999999999918e-09 1.929033644589953577e-14
1.679550000000000058e-09 1.808033833340100750e-14
1.779160000000000089e-09 1.723117191331599728e-14
1.884669999999999862e-09 1.602975938466482295e-14
1.996440000000000191e-09 1.434935665882794748e-14
2.114849999999999992e-09 1.352585212195520033e-14
2.240270000000000164e-09 1.228255522569509908e-14
2.373130000000000055e-09 1.206801049784097541e-14
2.513870000000000130e-09 1.086261349933799284e-14
2.662960000000000077e-09 1.036279970376008060e-14
2.820890000000000172e-09 9.959893907078025581e-15
2.988179999999999911e-09 9.260904053074406631e-15
3.165399999999999843e-09 8.824936643455292800e-15
3.353129999999999980e-09 8.309517007624451017e-15
3.551989999999999849e-09 7.580311590577922672e-15
3.762639999999999737e-09 7.647668104739508888e-15
3.985790000000000150e-09 7.315581516256926955e-15
4.222170000000000114e-09 6.620671000434925223e-15
4.472569999999999993e-09 6.601934505298428005e-15
4.737819999999999672e-09 6.390615300657676251e-15
5.018800000000000081e-09 5.989179963087600828e-15
5.316449999999999772e-09 5.954790193533269971e-15
5.631740000000000241e-09 5.654484495535379692e-15
5.965740000000000122e-09 5.592535476172681159e-15
6.319540000000000286e-09 5.782319569947687214e-15
6.694330000000000394e-09 5.469301515755919327e-15
7.091339999999999626e-09 5.502742602012199852e-15
7.511899999999999258e-09 5.349435381047236963e-15
7.957399999999999839e-09 5.442264041761480123e-15
8.429320000000000004e-09 5.321544092084551671e-15
8.929230000000000607e-09 4.997568745800301657e-15
9.458789999999999759e-09 5.173596931753573949e-15
1.001980000000000049e-08 5.342699729631078815e-15
1.061399999999999995e-08 5.292324646504595914e-15
1.124350000000000072e-08 5.367934705359221599e-15
1.191030000000000012e-08 5.420349457576512714e-15
1.261659999999999963e-08 5.546808941206645676e-15
1.336490000000000045e-08 5.458913433642266611e-15
1.415749999999999955e-08 5.736498166651845908e-15
1.499710000000000067e-08 5.788865484704236085e-15
1.588650000000000134e-08 5.971819058733276591e-15
1.682869999999999835e-08 6.020865985242487449e-15
1.782669999999999842e-08 6.420688561205877308e-15
1.888390000000000011e-08 6.571481771431006027e-15
2.000389999999999955e-08 6.823784094547540813e-15
2.119020000000000071e-08 6.950338446507478809e-15
2.244690000000000031e-08 7.558112401403541741e-15
2.377820000000000046e-08 7.156392458844051217e-15
2.518839999999999876e-08 7.930091122569148036e-15
2.668220000000000119e-08 8.125282711143040196e-15
2.826460000000000019e-08 8.824462301806269212e-15
2.994089999999999780e-08 1.020640926207645176e-14
3.171649999999999816e-08 1.717624315035886727e-13
3.359750000000000025e-08 1.024207975408315057e-14
3.559000000000000304e-08 1.002639660627136808e-14
3.770069999999999824e-08 1.097764134922661772e-14
3.993660000000000041e-08 1.101193625045114354e-14
4.230509999999999942e-08 1.133372962514987779e-14
4.481400000000000014e-08 1.210567322477358307e-14
4.747179999999999896e-08 1.256682817595593480e-14
5.028720000000000311e-08 1.333924611722866367e-14
5.326949999999999932e-08 1.434504014982182004e-14
5.642869999999999892e-08 1.485879958988107375e-14
5.977520000000000178e-08 1.672405325634309275e-14
6.332030000000000353e-08 3.322127633612231003e-14
6.707549999999999735e-08 1.773150748470783405e-14
7.105349999999999498e-08 1.828458984747128507e-14
7.526740000000000335e-08 1.951887425239990500e-14
7.973119999999999863e-08 1.966876621349188590e-14
8.445980000000000565e-08 2.221095284727785048e-14
8.946870000000000228e-08 2.235169001454364094e-14
9.477480000000000239e-08 2.509049126185057633e-14
1.003949999999999934e-07 2.632800118999256423e-14
1.063499999999999961e-07 2.798041775853695174e-14
1.126570000000000009e-07 3.078349229928680188e-14
1.193380000000000062e-07 3.112497085242008368e-14
1.264150000000000107e-07 3.279650338942019012e-14
1.339129999999999895e-07 3.526682726337882152e-14
1.418539999999999943e-07 3.601661910799304838e-14
1.502670000000000048e-07 4.012716897011611894e-14
1.591789999999999988e-07 4.000184790644364795e-14
1.686190000000000093e-07 4.482547556954638174e-14
1.786189999999999929e-07 4.716388503091110338e-14
1.892129999999999884e-07 4.950751225041508607e-14
2.004340000000000066e-07 5.259025862743023097e-14
2.123210000000000124e-07 5.461901786031126104e-14
2.249129999999999970e-07 5.755614135107564522e-14
2.382510000000000070e-07 6.201068377707182938e-14
2.523810000000000151e-07 6.493926911815376688e-14
2.673489999999999940e-07 6.975810593060135437e-14
2.832039999999999993e-07 7.202166427974987640e-14
2.999999999999999864e-07 7.739453213825895894e-14
