1.000000000000000062e-09 4.381194976807411476e-16
1.059309999999999933e-09 4.026145509095517109e-16
1.122129999999999929e-09 3.784866885902329550e-16
1.188680000000000077e-09 3.362555772358653310e-16
1.259169999999999902e-09 3.087409155425062972e-16
1.333849999999999897e-09 3.010826696189935105e-16
1.412960000000000051e-09 2.905110172871676209e-16
1.496750000000000027e-09 2.630205470179088409e-16
1.585519999999999918e-09 2.365987684839040167e-16
1.679550000000000058e-09 2.286582892792212069e-16
1.779160000000000089e-09 2.119543481087967514e-16
1.884669999999999862e-09 1.998292268764131468e-16
1.996440000000000191e-09 1.980442792511310916e-16
2.114849999999999992e-09 2.023000725261857106e-16
2.240270000000000164e-09 1.829938930692087302e-16
2.373130000000000055e-09 1.837101489592368543e-16
2.513870000000000130e-09 1.839734085744458708e-16
2.662960000000000077e-09 1.972246168816154467e-16
2.820890000000000172e-09 2.060061038300200339e-16
2.988179999999999911e-09 1.948334606288791207e-16
3.165399999999999843e-09 2.014087845676672459e-16
3.353129999999999980e-09 2.041158523586544016e-16
3.551989999999999849e-09 2.111930297621111872e-16
3.762639999999999737e-09 2.177560208180247124e-16
3.985790000000000150e-09 2.405400732456548422e-16
4.222170000000000114e-09 2.409560708718500016e-16
4.472569999999999993e-09 2.578516460684806292e-16
4.737819999999999672e-09 2.599145579000914515e-16
5.018800000000000081e-09 2.645588369856977605e-16
5.316449999999999772e-09 2.965621937037827896e-16
5.631740000000000241e-09 3.001586520866922798e-16
5.965740000000000122e-09 3.467404250459196054e-16
6.319540000000000286e-09 3.465393041867329054e-16
6.694330000000000394e-09 3.736066617050611483e-16
7.091339999999999626e-09 3.956540615517551113e-16
7.511899999999999258e-09 4.086870727003729628e-16
7.957399999999999839e-09 4.187326801434299136e-16
8.429320000000000004e-09 4.657380401952367717e-16
8.929230000000000607e-09 5.031199568716192249e-16
9.458789999999999759e-09 4.749867536679311969e-16
1.001980000000000049e-08 5.586701073889670827e-16
1.061399999999999995e-08 6.064125943633592265e-16
1.124350000000000072e-08 6.269847916815846269e-16
1.191030000000000012e-08 6.565647369147995103e-16
1.261659999999999963e-08 7.020778181387729787e-16
1.336490000000000045e-08 7.204633004549919687e-16
1.415749999999999955e-08 7.996309216773071881e-16
1.499710000000000067e-08 8.153553473424947001e-16
1.588650000000000134e-08 9.050154058412486655e-16
1.682869999999999835e-08 8.934936471864250131e-16
1.782669999999999842e-08 1.017960895890652475e-15
1.888390000000000011e-08 1.039500750172889608e-15
2.000389999999999955e-08 1.061296748945599938e-15
2.119020000000000071e-08 1.126020666955096086e-15
2.244690000000000031e-08 1.196958460566823490e-15
2.377820000000000046e-08 1.302954845458007234e-15
2.518839999999999876e-08 1.376302294646782876e-15
2.668220000000000119e-08 1.474315509584871694e-15
2.826460000000000019e-08 1.583395115194719610e-15
2.994089999999999780e-08 1.827624143444844294e-15
3.171649999999999816e-08 3.174427130938746052e-14
3.359750000000000025e-08 1.902223854587045980e-15
3.559000000000000304e-08 2.030613908728712157e-15
3.770069999999999824e-08 2.133408487488975636e-15
3.993660000000000041e-08 2.138336897222348295e-15
4.230509999999999942e-08 2.322011470557908237e-15
4.481400000000000014e-08 2.402711215306575138e-15
4.747179999999999896e-08 2.490265196883657661e-15
5.028720000000000311e-08 2.851979164764356600e-15
5.326949999999999932e-08 2.914421499442041699e-15
5.642869999999999892e-08 3.044158683866940138e-15
5.977520000000000178e-08 3.369514364349853779e-15
6.332030000000000353e-08 5.164963913741315136e-15
6.707549999999999735e-08 3.524861254405625671e-15
7.105349999999999498e-08 4.007380553460077986e-15
7.526740000000000335e-08 4.124960361420458260e-15
7.973119999999999863e-08 4.253094271071650848e-15
8.445980000000000565e-08 4.699335920808652144e-15
8.946870000000000228e-08 4.946577018530086830e-15
9.477480000000000239e-08 5.257365666971434858e-15
1.003949999999999934e-07 5.327615665192076165e-15
1.063499999999999961e-07 5.944876453068642420e-15
1.126570000000000009e-07 6.134850283503257752e-15
1.193380000000000062e-07 6.684659688888432759e-15
1.264150000000000107e-07 7.044590132168797467e-15
1.339129999999999895e-07 7.247371187127095441e-15
1.418539999999999943e-07 7.428617131219644560e-15
1.502670000000000048e-07 8.100332340404311723e-15
1.591789999999999988e-07 8.458555153748185044e-15
1.686190000000000093e-07 9.086061721243697255e-15
1.786189999999999929e-07 9.443051246300105144e-15
1.892129999999999884e-07 1.046729716904034363e-14
2.004340000000000066e-07 1.103702892368458114e-14
2.123210000000000124e-07 1.182685520347653676e-14
2.249129999999999970e-07 1.224024395060204480e-14
2.382510000000000070e-07 1.366284199019369355e-14
2.523810000000000151e-07 1.411882661740167255e-14
2.673489999999999940e-07 1.405355720649579865e-14
2.832039999999999993e-07 1.568372715170089955e-14
2.999999999999999864e-07 1.691943458157659498e-14
