1.000000000000000062e-09 1.463989091885591697e-14
1.059309999999999933e-09 1.339668889092562234e-14
1.122129999999999929e-09 1.238207210366059630e-14
1.188680000000000077e-09 1.095406656927006223e-14
1.259169999999999902e-09 1.029601239957732458e-14
1.333849999999999897e-09 9.550537063969229882e-15
1.412960000000000051e-09 8.672910144942700227e-15
1.496750000000000027e-09 8.172432271056151178e-15
1.585519999999999918e-09 7.626180428038664128e-15
1.679550000000000058e-09 6.958734293695225827e-15
1.779160000000000089e-09 6.518924716719008151e-15
1.884669999999999862e-09 6.119718784899352585e-15
1.996440000000000191e-09 5.664350801835105515e-15
2.114849999999999992e-09 5.296736023840530748e-15
2.240270000000000164e-09 4.948711555950700866e-15
2.373130000000000055e-09 4.706526940207874452e-15
2.513870000000000130e-09 4.348489120107120945e-15
2.662960000000000077e-09 4.037520221839143354e-15
2.820890000000000172e-09 3.747555171790002487e-15
2.988179999999999911e-09 3.733329665735736176e-15
3.165399999999999843e-09 3.452609534426098558e-15
3.353129999999999980e-09 3.302105672606874401e-15
3.551989999999999849e-09 3.069170719020041882e-15
3.762639999999999737e-09 2.995647763421126534e-15
3.985790000000000150e-09 2.804644611608126197e-15
4.222170000000000114e-09 2.626775980056635867e-15
4.472569999999999993e-09 2.599558256235566705e-15
4.737819999999999672e-09 2.514024970083332178e-15
5.018800000000000081e-09 2.372623724508903327e-15
5.316449999999999772e-09 2.332816973322703889e-15
5.631740000000000241e-09 2.278092177274659426e-15
5.965740000000000122e-09 2.284438868538617727e-15
6.319540000000000286e-09 2.172665002362306275e-15
6.694330000000000394e-09 2.107917367270358473e-15
7.091339999999999626e-09 2.144380009830929701e-15
7.511899999999999258e-09 2.088175267837927508e-15
7.957399999999999839e-09 2.090973883567176383e-15
8.429320000000000004e-09 2.045944630825208682e-15
8.929230000000000607e-09 2.028892048542751198e-15
9.458789999999999759e-09 2.052201197175852202e-15
1.001980000000000049e-08 2.086747499474361364e-15
1.061399999999999995e-08 2.076311983195805342e-15
1.124350000000000072e-08 1.989142218354434386e-15
1.191030000000000012e-08 1.985831313644237937e-15
1.261659999999999963e-08 1.995052515301289140e-15
1.336490000000000045e-08 2.092192941605171454e-15
1.415749999999999955e-08 2.045048125108550724e-15
1.499710000000000067e-08 2.067854471593685446e-15
1.588650000000000134e-08 2.068921740303992464e-15
1.682869999999999835e-08 2.111270962728967187e-15
1.782669999999999842e-08 2.062636713454407829e-15
1.888390000000000011e-08 2.125828507937552297e-15
2.000389999999999955e-08 2.150304537027255604e-15
2.119020000000000071e-08 2.153876329644415894e-15
2.244690000000000031e-08 2.212500214047446828e-15
2.377820000000000046e-08 2.183646011537241238e-15
2.518839999999999876e-08 2.266608365951758181e-15
2.668220000000000119e-08 2.357772087477922219e-15
2.826460000000000019e-08 2.338082165626884022e-15
2.994089999999999780e-08 2.579057210164694685e-15
3.171649999999999816e-08 4.425180677921523535e-14
3.359750000000000025e-08 2.584142152642246044e-15
3.559000000000000304e-08 2.558651032423628487e-15
3.770069999999999824e-08 2.615064484742202148e-15
3.993660000000000041e-08 2.715264414682297179e-15
4.230509999999999942e-08 2.885330126107323132e-15
4.481400000000000014e-08 2.985885812284187037e-15
4.747179999999999896e-08 3.072182788491352081e-15
5.028720000000000311e-08 3.225841022276593987e-15
5.326949999999999932e-08 3.432317198680797611e-15
5.642869999999999892e-08 3.723268879359910035e-15
5.977520000000000178e-08 3.816182921570977725e-15
6.332030000000000353e-08 6.271935020071556803e-15
6.707549999999999735e-08 4.292512062105650832e-15
7.105349999999999498e-08 4.369165672588131093e-15
7.526740000000000335e-08 4.701133675658457524e-15
7.973119999999999863e-08 4.991022831043752787e-15
8.445980000000000565e-08 5.301479440330783199e-15
8.946870000000000228e-08 5.892983476665278199e-15
9.477480000000000239e-08 5.872491917427387077e-15
1.003949999999999934e-07 6.566501184116240993e-15
1.063499999999999961e-07 6.646190581152484684e-15
1.126570000000000009e-07 7.310553494777260194e-15
1.193380000000000062e-07 7.440760277434691969e-15
1.264150000000000107e-07 8.017417420154696902e-15
1.339129999999999895e-07 8.396558700220584784e-15
1.418539999999999943e-07 9.113478668557358169e-15
1.502670000000000048e-07 9.355914685374166344e-15
1.591789999999999988e-07 9.893912983698612347e-15
1.686190000000000093e-07 1.068478281511842334e-14
1.786189999999999929e-07 1.106904698499378459e-14
1.892129999999999884e-07 1.218379729436803898e-14
2.004340000000000066e-07 1.246892405959712315e-14
2.123210000000000124e-07 1.345944429109166602e-14
2.249129999999999970e-07 1.402950808489021641e-14
2.382510000000000070e-07 1.504502612128838869e-14
2.523810000000000151e-07 1.564492600481063150e-14
2.673489999999999940e-07 1.624658095243426900e-14
2.832039999999999993e-07 1.654821480704943053e-14
2.999999999999999864e-07 1.824223113821333300e-14
