1.000000000000000062e-09 6.447346561881095905e-14
1.059309999999999933e-09 5.769322608764395295e-14
1.122129999999999929e-09 5.084610438396435739e-14
1.188680000000000077e-09 4.508290078247239147e-14
1.259169999999999902e-09 4.079589582691192755e-14
1.333849999999999897e-09 3.927363860686007403e-14
1.412960000000000051e-09 3.436856648261969555e-14
1.496750000000000027e-09 3.104784290028858220e-14
1.585519999999999918e-09 2.905186067535519900e-14
1.679550000000000058e-09 2.618840244268443417e-14
1.779160000000000089e-09 2.447081133156397936e-14
1.884669999999999862e-09 2.345069218117026455e-14
1.996440000000000191e-09 2.093274440564948754e-14
2.114849999999999992e-09 1.966340615285789995e-14
2.240270000000000164e-09 1.811970869027010576e-14
2.373130000000000055e-09 1.678690352483893831e-14
2.513870000000000130e-09 1.545594829183897059e-14
2.662960000000000077e-09 1.455190054296173445e-14
2.820890000000000172e-09 1.399009029385622037e-14
2.988179999999999911e-09 1.315121708755505310e-14
3.165399999999999843e-09 1.250687139151914433e-14
3.353129999999999980e-09 1.170926590868317283e-14
3.551989999999999849e-09 1.127993928215041290e-14
3.762639999999999737e-09 1.022144589235055269e-14
3.985790000000000150e-09 1.017752185565081441e-14
4.222170000000000114e-09 9.485409955558063525e-15
4.472569999999999993e-09 9.072922457565698575e-15
4.737819999999999672e-09 8.977579786111621245e-15
5.018800000000000081e-09 8.645540631793941829e-15
5.316449999999999772e-09 8.204497766530258720e-15
5.631740000000000241e-09 8.144683284588174224e-15
5.965740000000000122e-09 7.741160843762386492e-15
6.319540000000000286e-09 7.875067491282217718e-15
6.694330000000000394e-09 7.516939546268147853e-15
7.091339999999999626e-09 7.502187520983462030e-15
7.511899999999999258e-09 7.555550956498804266e-15
7.957399999999999839e-09 7.505555346691542287e-15
8.429320000000000004e-09 7.297034757780039803e-15
8.929230000000000607e-09 7.253632496894229212e-15
9.458789999999999759e-09 7.264589788986710550e-15
1.001980000000000049e-08 7.131631824764932811e-15
1.061399999999999995e-08 7.305762644122104438e-15
1.124350000000000072e-08 7.029411199399989784e-15
1.191030000000000012e-08 7.508353962420790768e-15
1.261659999999999963e-08 7.492795556332762162e-15
1.336490000000000045e-08 7.599380124868737507e-15
1.415749999999999955e-08 7.728922829217535627e-15
1.499710000000000067e-08 7.910927719948528168e-15
1.588650000000000134e-08 8.095636358078961000e-15
1.682869999999999835e-08 8.387783379713617632e-15
1.782669999999999842e-08 8.554087561861874017e-15
1.888390000000000011e-08 8.848653725906557419e-15
2.000389999999999955e-08 8.990434444800206403e-15
2.119020000000000071e-08 8.792728845486479285e-15
2.244690000000000031e-08 9.622352389631654237e-15
2.377820000000000046e-08 1.008744437650091800e-14
2.518839999999999876e-08 1.033514558562190710e-14
2.668220000000000119e-08 1.046544723660914549e-14
2.826460000000000019e-08 1.234407733757367418e-14
2.994089999999999780e-08 1.739107248320240762e-14
3.171649999999999816e-08 3.366037440062498807e-13
3.359750000000000025e-08 1.709071935103961561e-14
3.559000000000000304e-08 1.304411074320515007e-14
3.770069999999999824e-08 1.359012541539812296e-14
3.993660000000000041e-08 1.395332881605676053e-14
4.230509999999999942e-08 1.562865608624906672e-14
4.481400000000000014e-08 1.582157083490763808e-14
4.747179999999999896e-08 1.678647661735481724e-14
5.028720000000000311e-08 1.762615620445932414e-14
5.326949999999999932e-08 1.877287714097788577e-14
5.642869999999999892e-08 2.070719495153797844e-14
5.977520000000000178e-08 2.180776244560638036e-14
6.332030000000000353e-08 3.757672879163711963e-14
6.707549999999999735e-08 2.334927793660866194e-14
7.105349999999999498e-08 2.380327032889073208e-14
7.526740000000000335e-08 2.493395851767223995e-14
7.973119999999999863e-08 2.692192436873708995e-14
8.445980000000000565e-08 2.939433534595143838e-14
8.946870000000000228e-08 3.109627318265406271e-14
9.477480000000000239e-08 3.255824157911480341e-14
1.003949999999999934e-07 3.463619004099974794e-14
1.063499999999999961e-07 3.433370237141633795e-14
1.126570000000000009e-07 3.522489546160499052e-14
1.193380000000000062e-07 3.920827432762439667e-14
1.264150000000000107e-07 4.122797363500903818e-14
1.339129999999999895e-07 4.343019960893859517e-14
1.418539999999999943e-07 4.821967467331151069e-14
1.502670000000000048e-07 4.831881207795779250e-14
1.591789999999999988e-07 5.378275353307971956e-14
1.686190000000000093e-07 5.869835604192845989e-14
1.786189999999999929e-07 6.394931809663805263e-14
1.892129999999999884e-07 6.510766040355772926e-14
2.004340000000000066e-07 6.848971636110781396e-14
2.123210000000000124e-07 7.181010790428462074e-14
2.249129999999999970e-07 7.734235455686619697e-14
2.382510000000000070e-07 7.997495070895635506e-14
2.523810000000000151e-07 8.494035909095275361e-14
2.673489999999999940e-07 9.004901865095477127e-14
2.832039999999999993e-07 9.879113524249025586e-14
2.999999999999999864e-07 9.915305792069652390e-14
