1.000000000000000062e-09 3.821391192877274365e-14
1.059309999999999933e-09 3.443170135610495306e-14
1.122129999999999929e-09 3.115675174290477928e-14
1.188680000000000077e-09 2.773328575939479285e-14
1.259169999999999902e-09 2.553641984609921550e-14
1.333849999999999897e-09 2.291155546288815341e-14
1.412960000000000051e-09 2.117072161096546231e-14
1.496750000000000027e-09 1.942215599016365942e-14
1.585519999999999918e-09 1.768440535895963032e-14
1.679550000000000058e-09 1.567409801622568395e-14
1.779160000000000089e-09 1.452410412232885340e-14
1.884669999999999862e-09 1.371255299501153886e-14
1.996440000000000191e-09 1.230352112658201458e-14
2.114849999999999992e-09 1.174526843984419083e-14
2.240270000000000164e-09 1.075517511583377219e-14
2.373130000000000055e-09 9.991959402552134702e-15
2.513870000000000130e-09 9.226087376035954702e-15
2.662960000000000077e-09 8.620637695220117451e-15
2.820890000000000172e-09 8.193730211097385871e-15
2.988179999999999911e-09 7.724558886046502521e-15
3.165399999999999843e-09 7.322744075157208542e-15
3.353129999999999980e-09 7.076038983499171505e-15
3.551989999999999849e-09 6.644720122040506669e-15
3.762639999999999737e-09 6.567544735744097148e-15
3.985790000000000150e-09 6.013466255517693279e-15
4.222170000000000114e-09 5.815902958698674500e-15
4.472569999999999993e-09 5.663544421031761943e-15
4.737819999999999672e-09 5.462423561845053629e-15
5.018800000000000081e-09 5.208887950441053411e-15
5.316449999999999772e-09 5.133847101565257926e-15
5.631740000000000241e-09 5.028400952986943768e-15
5.965740000000000122e-09 4.778802377269853218e-15
6.319540000000000286e-09 4.856736710204702216e-15
6.694330000000000394e-09 4.721705872976682135e-15
7.091339999999999626e-09 4.685613216902351720e-15
7.511899999999999258e-09 4.564613405652498421e-15
7.957399999999999839e-09 4.484919265199764478e-15
8.429320000000000004e-09 4.582960940636795003e-15
8.929230000000000607e-09 4.455510082960198654e-15
9.458789999999999759e-09 4.573331805161581763e-15
1.001980000000000049e-08 4.510102063346516071e-15
1.061399999999999995e-08 4.398546394328756196e-15
1.124350000000000072e-08 4.475109879897921675e-15
1.191030000000000012e-08 4.529924800859281709e-15
1.261659999999999963e-08 4.532097285611816181e-15
1.336490000000000045e-08 4.559903193077677732e-15
1.415749999999999955e-08 4.548789368241015722e-15
1.499710000000000067e-08 4.557009709018623429e-15
1.588650000000000134e-08 4.736993904324767185e-15
1.682869999999999835e-08 4.725026264519859087e-15
1.782669999999999842e-08 4.698780941079291911e-15
1.888390000000000011e-08 4.778422903950632296e-15
2.000389999999999955e-08 4.807737217860393875e-15
2.119020000000000071e-08 4.976840015737897163e-15
2.244690000000000031e-08 5.049604024698371851e-15
2.377820000000000046e-08 5.477033284635031113e-15
2.518839999999999876e-08 5.989559436406820172e-15
2.668220000000000119e-08 7.080782399989424744e-15
2.826460000000000019e-08 8.211518022935831180e-15
2.994089999999999780e-08 1.056505898290444773e-14
3.171649999999999816e-08 1.900563658815457677e-13
3.359750000000000025e-08 1.084354496504717800e-14
3.559000000000000304e-08 8.688942892679753998e-15
3.770069999999999824e-08 7.333227025600666292e-15
3.993660000000000041e-08 6.820700873828876444e-15
4.230509999999999942e-08 6.504504730588640733e-15
4.481400000000000014e-08 6.554784945385317023e-15
4.747179999999999896e-08 6.961011133610547414e-15
5.028720000000000311e-08 7.386875066105423628e-15
5.326949999999999932e-08 7.739642950485505960e-15
5.642869999999999892e-08 8.711379252678649091e-15
5.977520000000000178e-08 1.038665908870604961e-14
6.332030000000000353e-08 1.415321638695600656e-14
6.707549999999999735e-08 1.119024127631973979e-14
7.105349999999999498e-08 1.049703839043422786e-14
7.526740000000000335e-08 1.055244149504037831e-14
7.973119999999999863e-08 1.120745987817935489e-14
8.445980000000000565e-08 1.165557043401351456e-14
8.946870000000000228e-08 1.230546592734301934e-14
9.477480000000000239e-08 1.257868671718156711e-14
1.003949999999999934e-07 1.350170813201981463e-14
1.063499999999999961e-07 1.430908505282570298e-14
1.126570000000000009e-07 1.518087756956922152e-14
1.193380000000000062e-07 1.661495467706728561e-14
1.264150000000000107e-07 1.732357366654611227e-14
1.339129999999999895e-07 1.827439150201724242e-14
1.418539999999999943e-07 1.916178985901369365e-14
1.502670000000000048e-07 2.139204942440064586e-14
1.591789999999999988e-07 2.177887503918074301e-14
1.686190000000000093e-07 2.324829059953118040e-14
1.786189999999999929e-07 2.375374906073249527e-14
1.892129999999999884e-07 2.506611010109067332e-14
2.004340000000000066e-07 2.776506664987948529e-14
2.123210000000000124e-07 2.931013970324945719e-14
2.249129999999999970e-07 2.995699941002520091e-14
2.382510000000000070e-07 3.283373920886867040e-14
2.523810000000000151e-07 3.358794243081882973e-14
2.673489999999999940e-07 3.625601933825609549e-14
2.832039999999999993e-07 3.956882141504848700e-14
2.999999999999999864e-07 4.088051837709802982e-14
