1.000000000000000062e-09 1.756880829909217051e-14
1.059309999999999933e-09 1.686815824931696347e-14
1.122129999999999929e-09 1.341831887012117307e-14
1.188680000000000077e-09 1.190583308803924113e-14
1.259169999999999902e-09 1.116965484875203969e-14
1.333849999999999897e-09 1.135943894252704495e-14
1.412960000000000051e-09 8.812081984766709220e-15
1.496750000000000027e-09 8.818343294533844569e-15
1.585519999999999918e-09 8.058495406960284179e-15
1.679550000000000058e-09 7.347267538411814365e-15
1.779160000000000089e-09 7.049333548659050706e-15
1.884669999999999862e-09 5.910486683514310774e-15
1.996440000000000191e-09 5.491405836600496803e-15
2.114849999999999992e-09 5.005300514679413443e-15
2.240270000000000164e-09 5.084468135901727874e-15
2.373130000000000055e-09 4.366224754364174274e-15
2.513870000000000130e-09 4.372405426050974556e-15
2.662960000000000077e-09 4.417652875951493044e-15
2.820890000000000172e-09 4.027345593467551173e-15
2.988179999999999911e-09 4.418630019748485675e-15
3.165399999999999843e-09 4.418630019748485675e-15
3.353129999999999980e-09 4.419839590953499849e-15
3.551989999999999849e-09 4.114728812050983848e-15
3.762639999999999737e-09 4.420081505194503472e-15
3.985790000000000150e-09 4.447123722605432928e-15
4.222170000000000114e-09 4.475489353217142597e-15
4.472569999999999993e-09 4.952743459967415567e-15
4.737819999999999672e-09 4.751005956636972959e-15
5.018800000000000081e-09 4.707309603928765976e-15
5.316449999999999772e-09 4.644364467103114594e-15
5.631740000000000241e-09 4.811863990206912821e-15
5.965740000000000122e-09 4.813571620143404997e-15
6.319540000000000286e-09 4.874571956208052408e-15
6.694330000000000394e-09 5.257223364476727308e-15
7.091339999999999626e-09 5.583807589830615736e-15
7.511899999999999258e-09 5.277620055384812608e-15
7.957399999999999839e-09 5.314618704008782668e-15
8.429320000000000004e-09 5.631004583908629234e-15
8.929230000000000607e-09 5.626450904077987639e-15
9.458789999999999759e-09 5.820029731045194234e-15
1.001980000000000049e-08 5.847683849183367732e-15
1.061399999999999995e-08 5.991978578816850097e-15
1.124350000000000072e-08 6.228959666669868861e-15
1.191030000000000012e-08 6.611753377433252099e-15
1.261659999999999963e-08 6.693102970241083083e-15
1.336490000000000045e-08 6.764159349265065595e-15
1.415749999999999955e-08 6.804905296916336045e-15
1.499710000000000067e-08 7.521493226098791025e-15
1.588650000000000134e-08 8.070021909031598872e-15
1.682869999999999835e-08 8.299698135489626922e-15
1.782669999999999842e-08 8.813552443878688813e-15
1.888390000000000011e-08 8.998261082009123223e-15
2.000389999999999955e-08 1.032342934689098234e-14
2.119020000000000071e-08 1.083495938119982092e-14
2.244690000000000031e-08 1.116012058160663385e-14
2.377820000000000046e-08 1.285247671699894508e-14
2.518839999999999876e-08 1.414657560386965108e-14
2.668220000000000119e-08 1.665655443968679741e-14
2.826460000000000019e-08 2.171811187394060818e-14
2.994089999999999780e-08 2.822840357264735594e-14
3.171649999999999816e-08 5.291518265701252848e-13
3.359750000000000025e-08 3.107250866603789084e-14
3.559000000000000304e-08 2.364047627494526666e-14
3.770069999999999824e-08 2.183940103359636368e-14
3.993660000000000041e-08 2.038502210352002563e-14
4.230509999999999942e-08 1.987633811910533963e-14
4.481400000000000014e-08 2.096998022509797097e-14
4.747179999999999896e-08 2.099213198010745097e-14
5.028720000000000311e-08 2.259962839448914735e-14
5.326949999999999932e-08 2.664737542228127329e-14
5.642869999999999892e-08 2.824035698220279013e-14
5.977520000000000178e-08 3.439669494240689264e-14
6.332030000000000353e-08 5.347775185275649039e-14
6.707549999999999735e-08 3.773738830816197022e-14
7.105349999999999498e-08 3.564672749008315124e-14
7.526740000000000335e-08 3.518301109399606046e-14
7.973119999999999863e-08 3.508667230507903501e-14
8.445980000000000565e-08 3.904035738386944999e-14
8.946870000000000228e-08 4.171161238035518594e-14
9.477480000000000239e-08 4.145428203575898439e-14
1.003949999999999934e-07 4.599026892289280694e-14
1.063499999999999961e-07 4.882256290922261362e-14
1.126570000000000009e-07 4.946482150200281481e-14
1.193380000000000062e-07 5.260021980205976262e-14
1.264150000000000107e-07 5.949572435393991250e-14
1.339129999999999895e-07 6.011094547272567606e-14
1.418539999999999943e-07 6.715729066899587295e-14
1.502670000000000048e-07 6.974577304772669374e-14
1.591789999999999988e-07 7.035767377496927799e-14
1.686190000000000093e-07 7.733286772388568103e-14
1.786189999999999929e-07 8.219866435958676313e-14
1.892129999999999884e-07 9.060115233042017826e-14
2.004340000000000066e-07 9.317018670154094516e-14
2.123210000000000124e-07 9.747341414149808554e-14
2.249129999999999970e-07 9.978677836379425947e-14
2.382510000000000070e-07 1.081038848378031321e-13
2.523810000000000151e-07 1.147688593482570070e-13
2.673489999999999940e-07 1.223967474062321397e-13
2.832039999999999993e-07 1.346433001007662208e-13
2.999999999999999864e-07 1.435704099354215769e-13
