1.000000000000000062e-09 4.049706058802601450e-15
1.059309999999999933e-09 3.653588091118099717e-15
1.122129999999999929e-09 3.214044145465335739e-15
1.188680000000000077e-09 2.917424082080371396e-15
1.259169999999999902e-09 2.662991964959714008e-15
1.333849999999999897e-09 2.409835826874934711e-15
1.412960000000000051e-09 2.169700367055898592e-15
1.496750000000000027e-09 1.932297115135247430e-15
1.585519999999999918e-09 1.834701320848300956e-15
1.679550000000000058e-09 1.734695870984305849e-15
1.779160000000000089e-09 1.551253725056768435e-15
1.884669999999999862e-09 1.457438433712553127e-15
1.996440000000000191e-09 1.336063892559970143e-15
2.114849999999999992e-09 1.299866881322853008e-15
2.240270000000000164e-09 1.271472790212201040e-15
2.373130000000000055e-09 1.147607955402235737e-15
2.513870000000000130e-09 1.122984880401334629e-15
2.662960000000000077e-09 1.056415773377129992e-15
2.820890000000000172e-09 1.087134138568005668e-15
2.988179999999999911e-09 1.061154446450892388e-15
3.165399999999999843e-09 1.060604210138022998e-15
3.353129999999999980e-09 1.041028130282750841e-15
3.551989999999999849e-09 1.101501947116980712e-15
3.762639999999999737e-09 1.065433008125100372e-15
3.985790000000000150e-09 1.141892138531481499e-15
4.222170000000000114e-09 1.160922725490374715e-15
4.472569999999999993e-09 1.227069668446946756e-15
4.737819999999999672e-09 1.193590634858744218e-15
5.018800000000000081e-09 1.263442186094203400e-15
5.316449999999999772e-09 1.281291662347023952e-15
5.631740000000000241e-09 1.314035466379237482e-15
5.965740000000000122e-09 1.291015666152041633e-15
6.319540000000000286e-09 1.359207021615912733e-15
6.694330000000000394e-09 1.310572772341352981e-15
7.091339999999999626e-09 1.314372248950045350e-15
7.511899999999999258e-09 1.346888368990726604e-15
7.957399999999999839e-09 1.404473445182392622e-15
8.429320000000000004e-09 1.393321673013808993e-15
8.929230000000000607e-09 1.446827411023857990e-15
9.458789999999999759e-09 1.481942923301197943e-15
1.001980000000000049e-08 1.473651431276236067e-15
1.061399999999999995e-08 1.490020961584097903e-15
1.124350000000000072e-08 1.543654771839383696e-15
1.191030000000000012e-08 1.563017397952594922e-15
1.261659999999999963e-08 1.642777946236191796e-15
1.336490000000000045e-08 1.715058126714660420e-15
1.415749999999999955e-08 1.823430963267460641e-15
1.499710000000000067e-08 1.965861530220274498e-15
1.588650000000000134e-08 1.931708931490456224e-15
1.682869999999999835e-08 2.134039361882179501e-15
1.782669999999999842e-08 2.206404923857472654e-15
1.888390000000000011e-08 2.418407180472821041e-15
2.000389999999999955e-08 2.493405338600204261e-15
2.119020000000000071e-08 2.740746048067934626e-15
2.244690000000000031e-08 2.851765711022295669e-15
2.377820000000000046e-08 3.238463253557156025e-15
2.518839999999999876e-08 3.755917815062317744e-15
2.668220000000000119e-08 4.609343823155580266e-15
2.826460000000000019e-08 5.819175916076948146e-15
2.994089999999999780e-08 8.669684621729325942e-15
3.171649999999999816e-08 1.496168429355464964e-13
3.359750000000000025e-08 8.764932424853599816e-15
3.559000000000000304e-08 6.733232273748619239e-15
3.770069999999999824e-08 5.734932839210063649e-15
3.993660000000000041e-08 5.550603674398849372e-15
4.230509999999999942e-08 5.145373603636571041e-15
4.481400000000000014e-08 5.527028894442293881e-15
4.747179999999999896e-08 5.851810621529885888e-15
5.028720000000000311e-08 6.264677592841469394e-15
5.326949999999999932e-08 6.696613098443868524e-15
5.642869999999999892e-08 7.230532058586698887e-15
5.977520000000000178e-08 9.002767327674863879e-15
6.332030000000000353e-08 1.187670851078908804e-14
6.707549999999999735e-08 1.008379194580342265e-14
7.105349999999999498e-08 8.818722767853063124e-15
7.526740000000000335e-08 8.845665373517697294e-15
7.973119999999999863e-08 9.743736417617214766e-15
8.445980000000000565e-08 1.007449484948252781e-14
8.946870000000000228e-08 1.076063004479756160e-14
9.477480000000000239e-08 1.142745953499726798e-14
1.003949999999999934e-07 1.197271526055180060e-14
1.063499999999999961e-07 1.295189872663464042e-14
1.126570000000000009e-07 1.352518804364656351e-14
1.193380000000000062e-07 1.464733808274561681e-14
1.264150000000000107e-07 1.527024353624558175e-14
1.339129999999999895e-07 1.672519167630075315e-14
1.418539999999999943e-07 1.691032722191530863e-14
1.502670000000000048e-07 1.734458700159793502e-14
1.591789999999999988e-07 2.020244800281020289e-14
1.686190000000000093e-07 2.029323699443363863e-14
1.786189999999999929e-07 2.140599506888198890e-14
1.892129999999999884e-07 2.313952405940968929e-14
2.004340000000000066e-07 2.422064354586805624e-14
2.123210000000000124e-07 2.548054239984404146e-14
2.249129999999999970e-07 2.664547805568516947e-14
2.382510000000000070e-07 2.921973018494523843e-14
2.523810000000000151e-07 3.044642512348945886e-14
2.673489999999999940e-07 3.222985485549461619e-14
2.832039999999999993e-07 3.355473851538706179e-14
2.999999999999999864e-07 3.557889663427253670e-14
