1.000000000000000062e-09 5.425662084045595206e-14
1.059309999999999933e-09 4.851376649570717681e-14
1.122129999999999929e-09 4.358383886905787331e-14
1.188680000000000077e-09 3.947101216701948196e-14
1.259169999999999902e-09 3.501556849189014841e-14
1.333849999999999897e-09 3.259120832372206035e-14
1.412960000000000051e-09 3.046724872188166523e-14
1.496750000000000027e-09 2.710620609938340329e-14
1.585519999999999918e-09 2.501767981872519597e-14
1.679550000000000058e-09 2.304574671539739659e-14
1.779160000000000089e-09 2.082430990468231563e-14
1.884669999999999862e-09 1.941864586196087004e-14
1.996440000000000191e-09 1.840042407816325273e-14
2.114849999999999992e-09 1.762055897300083033e-14
2.240270000000000164e-09 1.581649537926307038e-14
2.373130000000000055e-09 1.505237841684828350e-14
2.513870000000000130e-09 1.396324255652138965e-14
2.662960000000000077e-09 1.312000540704919243e-14
2.820890000000000172e-09 1.215884692362931209e-14
2.988179999999999911e-09 1.163664420221740885e-14
3.165399999999999843e-09 1.091863324808787600e-14
3.353129999999999980e-09 1.044917731804757913e-14
3.551989999999999849e-09 9.673723590221089198e-15
3.762639999999999737e-09 9.077760742385756847e-15
3.985790000000000150e-09 8.846946095970066821e-15
4.222170000000000114e-09 8.498162681441794306e-15
4.472569999999999993e-09 7.903907463542952553e-15
4.737819999999999672e-09 7.628077794634764793e-15
5.018800000000000081e-09 7.515374218826364804e-15
5.316449999999999772e-09 7.102459813349878782e-15
5.631740000000000241e-09 6.920834395938107163e-15
5.965740000000000122e-09 6.894223829427790609e-15
6.319540000000000286e-09 6.743952395016590361e-15
6.694330000000000394e-09 6.726069714848337653e-15
7.091339999999999626e-09 6.524332211517896622e-15
7.511899999999999258e-09 6.363625260828138775e-15
7.957399999999999839e-09 6.230145520792431776e-15
8.429320000000000004e-09 6.305470974657642361e-15
8.929230000000000607e-09 6.230192954957334293e-15
9.458789999999999759e-09 6.286402440366827526e-15
1.001980000000000049e-08 6.257040692292163430e-15
1.061399999999999995e-08 6.355039676980781690e-15
1.124350000000000072e-08 6.364384207466579830e-15
1.191030000000000012e-08 6.467885555283890806e-15
1.261659999999999963e-08 6.501658680694488947e-15
1.336490000000000045e-08 6.498860064965239678e-15
1.415749999999999955e-08 6.530688389614834638e-15
1.499710000000000067e-08 6.816336930657844127e-15
1.588650000000000134e-08 7.028509950266841179e-15
1.682869999999999835e-08 7.269570376301477950e-15
1.782669999999999842e-08 7.730915064143441325e-15
1.888390000000000011e-08 8.055412186241620599e-15
2.000389999999999955e-08 7.979232917408163138e-15
2.119020000000000071e-08 7.657913884358455632e-15
2.244690000000000031e-08 8.113044696598189331e-15
2.377820000000000046e-08 8.507791816917008335e-15
2.518839999999999876e-08 9.185910638363515241e-15
2.668220000000000119e-08 9.442149997166958906e-15
2.826460000000000019e-08 1.028514997581464512e-14
2.994089999999999780e-08 1.433968008918783409e-14
3.171649999999999816e-08 2.834684668240896044e-13
3.359750000000000025e-08 1.438478998001013528e-14
3.559000000000000304e-08 1.209277113192009382e-14
3.770069999999999824e-08 1.253514215380104739e-14
3.993660000000000041e-08 1.234611700666448397e-14
4.230509999999999942e-08 1.323821134598628593e-14
4.481400000000000014e-08 1.426487641113655119e-14
4.747179999999999896e-08 1.413172871025516180e-14
5.028720000000000311e-08 1.475131377221194901e-14
5.326949999999999932e-08 1.564701310806634538e-14
5.642869999999999892e-08 1.764052875642479141e-14
5.977520000000000178e-08 1.843699581930310093e-14
6.332030000000000353e-08 3.520796146473478735e-14
6.707549999999999735e-08 2.005530722328257111e-14
7.105349999999999498e-08 2.016696724746311415e-14
7.526740000000000335e-08 2.230890439780156780e-14
7.973119999999999863e-08 2.330791534481365798e-14
8.445980000000000565e-08 2.522847724755202083e-14
8.946870000000000228e-08 2.574128800431322420e-14
9.477480000000000239e-08 2.685262305381449897e-14
1.003949999999999934e-07 2.990211808123297184e-14
1.063499999999999961e-07 3.079587261632636345e-14
1.126570000000000009e-07 3.240574073895318567e-14
1.193380000000000062e-07 3.494906579269680433e-14
1.264150000000000107e-07 3.520416673154258602e-14
1.339129999999999895e-07 4.056503374633133974e-14
1.418539999999999943e-07 4.224961067867963352e-14
1.502670000000000048e-07 4.422225529448097223e-14
1.591789999999999988e-07 4.771118042555643160e-14
1.686190000000000093e-07 4.783024017946178301e-14
1.786189999999999929e-07 4.773300014141160186e-14
1.892129999999999884e-07 5.431496486328606958e-14
2.004340000000000066e-07 6.322310103198039388e-14
2.123210000000000124e-07 6.346596395628131682e-14
2.249129999999999970e-07 6.645194463689530889e-14
2.382510000000000070e-07 6.831610731756457159e-14
2.523810000000000151e-07 6.986008938514178087e-14
2.673489999999999940e-07 8.200323560018835681e-14
2.832039999999999993e-07 8.397649686013342666e-14
2.999999999999999864e-07 8.506890567783858941e-14
