1.000000000000000062e-09 3.521365356452308935e-14
1.059309999999999933e-09 3.059024551147391448e-14
1.122129999999999929e-09 2.866550940222412702e-14
1.188680000000000077e-09 2.588790700802693303e-14
1.259169999999999902e-09 2.391023437074593072e-14
1.333849999999999897e-09 2.159829317339682597e-14
1.412960000000000051e-09 2.005986090311321270e-14
1.496750000000000027e-09 1.866837967569762116e-14
1.585519999999999918e-09 1.693845568170250888e-14
1.679550000000000058e-09 1.585975533765417184e-14
1.779160000000000089e-09 1.434707981891262668e-14
1.884669999999999862e-09 1.364894377987725461e-14
1.996440000000000191e-09 1.274812155421338802e-14
2.114849999999999992e-09 1.195782093277241038e-14
2.240270000000000164e-09 1.092935336935584476e-14
2.373130000000000055e-09 9.964827060227888887e-15
2.513870000000000130e-09 9.532085173822146186e-15
2.662960000000000077e-09 8.978623337739478189e-15
2.820890000000000172e-09 8.820240661129942078e-15
2.988179999999999911e-09 7.874735452127900102e-15
3.165399999999999843e-09 7.305762644122104438e-15
3.353129999999999980e-09 7.463196637433585483e-15
3.551989999999999849e-09 6.692201721107935267e-15
3.762639999999999737e-09 6.562896187583649730e-15
3.985790000000000150e-09 6.116872735005200800e-15
4.222170000000000114e-09 5.904604847066397925e-15
4.472569999999999993e-09 5.698171361410605383e-15
4.737819999999999672e-09 5.520008638036719055e-15
5.018800000000000081e-09 5.219181164224901094e-15
5.316449999999999772e-09 5.211734000335205196e-15
5.631740000000000241e-09 5.064640654972472773e-15
5.965740000000000122e-09 4.924330395190801804e-15
6.319540000000000286e-09 4.892644373035914394e-15
6.694330000000000394e-09 4.893213583014745382e-15
7.091339999999999626e-09 4.574569836865538236e-15
7.511899999999999258e-09 4.588311514437799666e-15
7.957399999999999839e-09 4.657143231127854937e-15
8.429320000000000004e-09 4.631543012329961987e-15
8.929230000000000607e-09 4.571434438565481888e-15
9.458789999999999759e-09 4.700322551438624489e-15
1.001980000000000049e-08 4.591759978226214202e-15
1.061399999999999995e-08 4.422695127680632138e-15
1.124350000000000072e-08 4.627288167738206246e-15
1.191030000000000012e-08 4.816702275026971093e-15
1.261659999999999963e-08 5.030061148758531850e-15
1.336490000000000045e-08 4.968539036879956756e-15
1.415749999999999955e-08 4.935762028932309886e-15
1.499710000000000067e-08 5.132329208288377394e-15
1.588650000000000134e-08 5.061462565924004160e-15
1.682869999999999835e-08 5.406973023074001450e-15
1.782669999999999842e-08 5.540547631439512694e-15
1.888390000000000011e-08 5.703578856209493066e-15
2.000389999999999955e-08 5.786636078953817015e-15
2.119020000000000071e-08 5.827998670748818603e-15
2.244690000000000031e-08 6.219235662864851377e-15
2.377820000000000046e-08 6.386346225816448967e-15
2.518839999999999876e-08 6.685134030537457925e-15
2.668220000000000119e-08 7.173990534022888037e-15
2.826460000000000019e-08 7.137988002861871615e-15
2.994089999999999780e-08 8.722526281430740495e-15
3.171649999999999816e-08 1.452951161712773966e-13
3.359750000000000025e-08 8.874600214108237163e-15
3.559000000000000304e-08 8.703694917964438244e-15
3.770069999999999824e-08 8.821663686077019154e-15
3.993660000000000041e-08 9.041758211224738848e-15
4.230509999999999942e-08 9.985840395279708481e-15
4.481400000000000014e-08 1.065679665782593222e-14
4.747179999999999896e-08 1.064327792082871341e-14
5.028720000000000311e-08 1.157773096940847217e-14
5.326949999999999932e-08 1.195535435619747636e-14
5.642869999999999892e-08 1.279906584731870033e-14
5.977520000000000178e-08 1.408742520023620024e-14
6.332030000000000353e-08 2.478601135734126065e-14
6.707549999999999735e-08 1.543446061513812899e-14
7.105349999999999498e-08 1.584130344750708815e-14
7.526740000000000335e-08 1.717002927475663917e-14
7.973119999999999863e-08 1.812426237010075051e-14
8.445980000000000565e-08 1.992884773965243341e-14
8.946870000000000228e-08 2.042695390529385663e-14
9.477480000000000239e-08 2.179182456619913162e-14
1.003949999999999934e-07 2.143924641847866093e-14
1.063499999999999961e-07 2.472244957637187576e-14
1.126570000000000009e-07 2.523497572814366403e-14
1.193380000000000062e-07 2.604581534298744398e-14
1.264150000000000107e-07 2.817726954288243356e-14
1.339129999999999895e-07 2.937792312489515817e-14
1.418539999999999943e-07 3.160694940199464810e-14
1.502670000000000048e-07 3.282866375322409954e-14
1.591789999999999988e-07 3.538631392476828769e-14
1.686190000000000093e-07 3.697369825323130757e-14
1.786189999999999929e-07 4.002826873629435444e-14
1.892129999999999884e-07 4.300590100388549728e-14
2.004340000000000066e-07 4.443385910411112883e-14
2.123210000000000124e-07 4.630010888803610227e-14
2.249129999999999970e-07 5.076356893703396586e-14
2.382510000000000070e-07 5.385959688022181541e-14
2.523810000000000151e-07 5.544626969621130858e-14
2.673489999999999940e-07 6.091115983463129860e-14
2.832039999999999993e-07 6.336872391823114829e-14
2.999999999999999864e-07 6.778057559581504856e-14
