1.000000000000000062e-09 1.753579412032001263e-14
1.059309999999999933e-09 1.619720198677073816e-14
1.122129999999999929e-09 1.496154199105994682e-14
1.188680000000000077e-09 1.373361376422826254e-14
1.259169999999999902e-09 1.260045899887182539e-14
1.333849999999999897e-09 1.154903329964244173e-14
1.412960000000000051e-09 1.059413612598969673e-14
1.496750000000000027e-09 9.841450797316419504e-15
1.585519999999999918e-09 9.009455544926120299e-15
1.679550000000000058e-09 8.457084694636208606e-15
1.779160000000000089e-09 7.915813438933487379e-15
1.884669999999999862e-09 7.395745254942195812e-15
1.996440000000000191e-09 6.751731598060603875e-15
2.114849999999999992e-09 6.470684171013138498e-15
2.240270000000000164e-09 5.908352146093697527e-15
2.373130000000000055e-09 5.462470996009955357e-15
2.513870000000000130e-09 5.196033291752469041e-15
2.662960000000000077e-09 4.928362299207516505e-15
2.820890000000000172e-09 4.635162239112024793e-15
2.988179999999999911e-09 4.306794489157800163e-15
3.165399999999999843e-09 4.235657472053482584e-15
3.353129999999999980e-09 4.009443939633337459e-15
3.551989999999999849e-09 3.637692902459263243e-15
3.762639999999999737e-09 3.614587720735243456e-15
3.985790000000000150e-09 3.454948038755792627e-15
4.222170000000000114e-09 3.235602973413533485e-15
4.472569999999999993e-09 3.232263608204395920e-15
4.737819999999999672e-09 2.991677523818785499e-15
5.018800000000000081e-09 3.015522678515285335e-15
5.316449999999999772e-09 2.831995151090922800e-15
5.631740000000000241e-09 2.750991827686879399e-15
5.965740000000000122e-09 2.699179489363851033e-15
6.319540000000000286e-09 2.677758220493870191e-15
6.694330000000000394e-09 2.558503986512430291e-15
7.091339999999999626e-09 2.565149513015274447e-15
7.511899999999999258e-09 2.533980523257824468e-15
7.957399999999999839e-09 2.430042781123410734e-15
8.429320000000000004e-09 2.480427351082873349e-15
8.929230000000000607e-09 2.442413611329989433e-15
9.458789999999999759e-09 2.460087581172670674e-15
1.001980000000000049e-08 2.401938038418664117e-15
1.061399999999999995e-08 2.413198909166523534e-15
1.124350000000000072e-08 2.519465668797651623e-15
1.191030000000000012e-08 2.461045751303701115e-15
1.261659999999999963e-08 2.528786482200998110e-15
1.336490000000000045e-08 2.475342408605322384e-15
1.415749999999999955e-08 2.540241833024958239e-15
1.499710000000000067e-08 2.505799885889234219e-15
1.588650000000000134e-08 2.621373228674238041e-15
1.682869999999999835e-08 2.560543655603239295e-15
1.782669999999999842e-08 2.666037238346456363e-15
1.888390000000000011e-08 2.501749008206558906e-15
2.000389999999999955e-08 2.662024307995702669e-15
2.119020000000000071e-08 2.627805301435020477e-15
2.244690000000000031e-08 2.620296473130950914e-15
2.377820000000000046e-08 2.625077836953125772e-15
2.518839999999999876e-08 2.729181598664698314e-15
2.668220000000000119e-08 2.726126838444975850e-15
2.826460000000000019e-08 2.823466488241448735e-15
2.994089999999999780e-08 3.154609136842470981e-15
3.171649999999999816e-08 5.438706479393790115e-14
3.359750000000000025e-08 3.208816900493077224e-15
3.559000000000000304e-08 3.124331909385188709e-15
3.770069999999999824e-08 3.250781906182341957e-15
3.993660000000000041e-08 3.308978883101250636e-15
4.230509999999999942e-08 3.411820896026416237e-15
4.481400000000000014e-08 3.513875501814200457e-15
4.747179999999999896e-08 3.719564271081021910e-15
5.028720000000000311e-08 3.832258360056442973e-15
5.326949999999999932e-08 3.913252196627505871e-15
5.642869999999999892e-08 4.425085809591718975e-15
5.977520000000000178e-08 4.682046167701680893e-15
6.332030000000000353e-08 7.477332018574538590e-15
6.707549999999999735e-08 5.308357394241649686e-15
7.105349999999999498e-08 5.304420358554740018e-15
7.526740000000000335e-08 5.640443982724231618e-15
7.973119999999999863e-08 6.124604503884312586e-15
8.445980000000000565e-08 6.231615979904409791e-15
8.946870000000000228e-08 6.943934834245638277e-15
9.477480000000000239e-08 6.970213361601637215e-15
1.003949999999999934e-07 7.506598898319397653e-15
1.063499999999999961e-07 8.163277477229963893e-15
1.126570000000000009e-07 8.453289961444005700e-15
1.193380000000000062e-07 8.975967024504937258e-15
1.264150000000000107e-07 9.602667211197105109e-15
1.339129999999999895e-07 9.959134960439585315e-15
1.418539999999999943e-07 1.080882315633852953e-14
1.502670000000000048e-07 1.098447186897258011e-14
1.591789999999999988e-07 1.166259069041908859e-14
1.686190000000000093e-07 1.272744025831588762e-14
1.786189999999999929e-07 1.349525708559307080e-14
1.892129999999999884e-07 1.432080129155662932e-14
2.004340000000000066e-07 1.501827325228336616e-14
2.123210000000000124e-07 1.583518444023466193e-14
2.249129999999999970e-07 1.688907671603898119e-14
2.382510000000000070e-07 1.828425780831696588e-14
2.523810000000000151e-07 1.873417086241742275e-14
2.673489999999999940e-07 1.972867556376377859e-14
2.832039999999999993e-07 2.086017013334862450e-14
2.999999999999999864e-07 2.312415538998127391e-14
