1.000000000000000062e-09 2.007138740518452266e-14
1.059309999999999933e-09 1.843856114674488240e-14
1.122129999999999929e-09 1.629169084325657019e-14
1.188680000000000077e-09 1.471977005255177073e-14
1.259169999999999902e-09 1.347661545878637703e-14
1.333849999999999897e-09 1.225409472675358280e-14
1.412960000000000051e-09 1.104646832250018195e-14
1.496750000000000027e-09 1.060808177047103819e-14
1.585519999999999918e-09 9.617561538976500059e-15
1.679550000000000058e-09 8.973073540445882167e-15
1.779160000000000089e-09 8.023394124932413996e-15
1.884669999999999862e-09 7.671290318860966896e-15
1.996440000000000191e-09 6.971873557373224507e-15
2.114849999999999992e-09 6.647993079418780316e-15
2.240270000000000164e-09 6.097899069044190209e-15
2.373130000000000055e-09 5.588883045475186591e-15
2.513870000000000130e-09 5.477317889624446213e-15
2.662960000000000077e-09 5.133657364905647070e-15
2.820890000000000172e-09 4.595047165853958603e-15
2.988179999999999911e-09 4.469479444523992953e-15
3.165399999999999843e-09 4.232408231757660196e-15
3.353129999999999980e-09 3.961497485749864197e-15
3.551989999999999849e-09 3.677836436216270944e-15
3.762639999999999737e-09 3.453501296726265870e-15
3.985790000000000150e-09 3.394322432593874308e-15
4.222170000000000114e-09 3.288207462290434272e-15
4.472569999999999993e-09 3.114731234408917768e-15
4.737819999999999672e-09 3.084012869218042486e-15
5.018800000000000081e-09 2.910190371932736034e-15
5.316449999999999772e-09 2.798772261993193851e-15
5.631740000000000241e-09 2.704297635756833759e-15
5.965740000000000122e-09 2.650436141510015887e-15
6.319540000000000286e-09 2.611374106712785961e-15
6.694330000000000394e-09 2.630845831405272581e-15
7.091339999999999626e-09 2.441113915211660084e-15
7.511899999999999258e-09 2.428150157943799532e-15
7.957399999999999839e-09 2.442171697088986204e-15
8.429320000000000004e-09 2.433069080844192082e-15
8.929230000000000607e-09 2.376290385455868255e-15
9.458789999999999759e-09 2.354916550750790324e-15
1.001980000000000049e-08 2.368032097346338929e-15
1.061399999999999995e-08 2.350785034987780338e-15
1.124350000000000072e-08 2.344751409212179041e-15
1.191030000000000012e-08 2.360750953033801051e-15
1.261659999999999963e-08 2.444533918501132321e-15
1.336490000000000045e-08 2.316964475412279681e-15
1.415749999999999955e-08 2.421011316125969203e-15
1.499710000000000067e-08 2.481043995226606065e-15
1.588650000000000134e-08 2.438191970653664666e-15
1.682869999999999835e-08 2.405263173378331321e-15
1.782669999999999842e-08 2.479165602296466012e-15
1.888390000000000011e-08 2.536565685245012413e-15
2.000389999999999955e-08 2.446032838112051846e-15
2.119020000000000071e-08 2.535099969549524255e-15
2.244690000000000031e-08 2.484283748689448738e-15
2.377820000000000046e-08 2.591048567052053647e-15
2.518839999999999876e-08 2.615344346315126996e-15
2.668220000000000119e-08 2.639597434829788474e-15
2.826460000000000019e-08 2.797168987219488790e-15
2.994089999999999780e-08 3.907104728856138928e-15
3.171649999999999816e-08 7.430040156166722898e-14
3.359750000000000025e-08 3.797840130003170606e-15
3.559000000000000304e-08 2.978111352656662592e-15
3.770069999999999824e-08 3.040008194437969145e-15
3.993660000000000041e-08 3.085307821919880796e-15
4.230509999999999942e-08 3.213916073220098549e-15
4.481400000000000014e-08 3.464686272810281260e-15
4.747179999999999896e-08 3.577868933684198244e-15
5.028720000000000311e-08 3.719834645820966255e-15
5.326949999999999932e-08 3.801981132599161095e-15
5.642869999999999892e-08 4.253179652568475378e-15
5.977520000000000178e-08 4.291895417961917328e-15
6.332030000000000353e-08 6.855232945877914851e-15
6.707549999999999735e-08 4.872200247962925788e-15
7.105349999999999498e-08 5.073226238819830647e-15
7.526740000000000335e-08 5.381121403202124373e-15
7.973119999999999863e-08 5.558572614102472163e-15
8.445980000000000565e-08 6.054639110653085590e-15
8.946870000000000228e-08 6.330753384550688450e-15
9.477480000000000239e-08 6.702542369056684678e-15
1.003949999999999934e-07 7.002041686251231386e-15
1.063499999999999961e-07 7.660048421779067302e-15
1.126570000000000009e-07 7.969793518592562332e-15
1.193380000000000062e-07 8.491379595860734430e-15
1.264150000000000107e-07 8.873414359985674248e-15
1.339129999999999895e-07 9.539722074371452939e-15
1.418539999999999943e-07 9.967767978451846495e-15
1.502670000000000048e-07 1.082812886145385537e-14
1.591789999999999988e-07 1.092826238356308845e-14
1.686190000000000093e-07 1.163830439798899693e-14
1.786189999999999929e-07 1.257081264580774935e-14
1.892129999999999884e-07 1.337709858082087824e-14
2.004340000000000066e-07 1.430434163633545132e-14
2.123210000000000124e-07 1.579225652099787650e-14
2.249129999999999970e-07 1.693115082030751816e-14
2.382510000000000070e-07 1.646496784764549651e-14
2.523810000000000151e-07 1.767354293519694928e-14
2.673489999999999940e-07 1.909552433064486690e-14
2.832039999999999993e-07 1.993444497111093353e-14
2.999999999999999864e-07 2.046722551129610113e-14
