1.000000000000000062e-09 1.635605900502929904e-15
1.059309999999999933e-09 1.496718665668334630e-15
1.122129999999999929e-09 1.433275470111206430e-15
1.188680000000000077e-09 1.240602635693637311e-15
1.259169999999999902e-09 1.152071510319563339e-15
1.333849999999999897e-09 1.022130358985584671e-15
1.412960000000000051e-09 9.379631767825430174e-16
1.496750000000000027e-09 8.732155416905954129e-16
1.585519999999999918e-09 8.079461307847201257e-16
1.679550000000000058e-09 7.502187520983462621e-16
1.779160000000000089e-09 6.725358202374800101e-16
1.884669999999999862e-09 6.616164754769186145e-16
1.996440000000000191e-09 6.456453921542381146e-16
2.114849999999999992e-09 6.027459334163940019e-16
2.240270000000000164e-09 5.786019434810084102e-16
2.373130000000000055e-09 5.456684027891847146e-16
2.513870000000000130e-09 5.461000536897977144e-16
2.662960000000000077e-09 5.382496993984297355e-16
2.820890000000000172e-09 5.123269282791993762e-16
2.988179999999999911e-09 5.374670356775380141e-16
3.165399999999999843e-09 5.032859764487780330e-16
3.353129999999999980e-09 5.266805065787036650e-16
3.551989999999999849e-09 5.300815362022148952e-16
3.762639999999999737e-09 5.567253066279635070e-16
3.985790000000000150e-09 5.417740578506874103e-16
4.222170000000000114e-09 5.134131706554673025e-16
4.472569999999999993e-09 5.355838993309079073e-16
4.737819999999999672e-09 5.234360096993709369e-16
5.018800000000000081e-09 5.479689597869573621e-16
5.316449999999999772e-09 5.744087633036250539e-16
5.631740000000000241e-09 6.027459334163940019e-16
5.965740000000000122e-09 5.981258457548878975e-16
6.319540000000000286e-09 6.269990219310553819e-16
6.694330000000000394e-09 6.606298448469459730e-16
7.091339999999999626e-09 7.315581516256926758e-16
7.511899999999999258e-09 7.690596023976295102e-16
7.957399999999999839e-09 7.736227690612523975e-16
8.429320000000000004e-09 8.509119973534278603e-16
8.929230000000000607e-09 9.375504995478909256e-16
9.458789999999999759e-09 9.800704849665151027e-16
1.001980000000000049e-08 9.863460249831192342e-16
1.061399999999999995e-08 1.058474416133899804e-15
1.124350000000000072e-08 1.095055644106727521e-15
1.191030000000000012e-08 1.171381958851381600e-15
1.261659999999999963e-08 1.301147603775221154e-15
1.336490000000000045e-08 1.278194211378889222e-15
1.415749999999999955e-08 1.370728780270735991e-15
1.499710000000000067e-08 1.394498040303391800e-15
1.588650000000000134e-08 1.529543107780882241e-15
1.682869999999999835e-08 1.667476915900936931e-15
1.782669999999999842e-08 1.650713682024384404e-15
1.888390000000000011e-08 1.802920430363608513e-15
2.000389999999999955e-08 2.010013250911545641e-15
2.119020000000000071e-08 2.123167451286520721e-15
2.244690000000000031e-08 2.176649472214118460e-15
2.377820000000000046e-08 2.339827742895297028e-15
2.518839999999999876e-08 2.522994770666399648e-15
2.668220000000000119e-08 2.741523968372335504e-15
2.826460000000000019e-08 2.873926952864755771e-15
2.994089999999999780e-08 4.135761120768763660e-15
3.171649999999999816e-08 8.840779654532738083e-14
3.359750000000000025e-08 4.474298755678088641e-15
3.559000000000000304e-08 3.646359124386954607e-15
3.770069999999999824e-08 3.742327926817744367e-15
3.993660000000000041e-08 3.828406705866357835e-15
4.230509999999999942e-08 4.117745624938784694e-15
4.481400000000000014e-08 4.391981505906245530e-15
4.747179999999999896e-08 4.472211652422378699e-15
5.028720000000000311e-08 4.870919525510558629e-15
5.326949999999999932e-08 5.077258142836545348e-15
5.642869999999999892e-08 5.520293243026134155e-15
5.977520000000000178e-08 5.809119873117613046e-15
6.332030000000000353e-08 9.605418392761452650e-15
6.707549999999999735e-08 6.452754056679985639e-15
7.105349999999999498e-08 6.904754214036152453e-15
7.526740000000000335e-08 7.402006564709328006e-15
7.973119999999999863e-08 7.688935828204706232e-15
8.445980000000000565e-08 7.784468236318392050e-15
8.946870000000000228e-08 8.676752312299804073e-15
9.477480000000000239e-08 9.149955541367399758e-15
1.003949999999999934e-07 9.851744011100268765e-15
1.063499999999999961e-07 9.779786382943138438e-15
1.126570000000000009e-07 1.102033209763889056e-14
1.193380000000000062e-07 1.166107279714220964e-14
1.264150000000000107e-07 1.210595782976299659e-14
1.339129999999999895e-07 1.328944024408101334e-14
1.418539999999999943e-07 1.372659350782268851e-14
1.502670000000000048e-07 1.475458672959022423e-14
1.591789999999999988e-07 1.532460308922387526e-14
1.686190000000000093e-07 1.641098776798642314e-14
1.786189999999999929e-07 1.715252606790760580e-14
1.892129999999999884e-07 1.836223957541671897e-14
2.004340000000000066e-07 1.855259287917055759e-14
2.123210000000000124e-07 2.020586326268318724e-14
2.249129999999999970e-07 2.110217924268130845e-14
2.382510000000000070e-07 2.413213139415994446e-14
2.523810000000000151e-07 2.437314438602967714e-14
2.673489999999999940e-07 2.591437527204254046e-14
2.832039999999999993e-07 2.718295457819568464e-14
2.999999999999999864e-07 2.904085594909781515e-14
