1.000000000000000062e-09 2.081932931736755138e-15
1.059309999999999933e-09 1.854097150876943550e-15
1.122129999999999929e-09 1.692280240728467603e-15
1.188680000000000077e-09 1.529068766131857273e-15
1.259169999999999902e-09 1.414690764302396870e-15
1.333849999999999897e-09 1.161842948289483734e-15
1.412960000000000051e-09 1.122050427352754854e-15
1.496750000000000027e-09 1.078515350805216822e-15
1.585519999999999918e-09 9.909281653127031281e-16
1.679550000000000058e-09 9.221628564535115774e-16
1.779160000000000089e-09 8.173333520189298402e-16
1.884669999999999862e-09 7.642924688249257029e-16
1.996440000000000191e-09 7.223796407170540344e-16
2.114849999999999992e-09 6.747415089054474271e-16
2.240270000000000164e-09 6.442745447885550886e-16
2.373130000000000055e-09 6.205527189208019934e-16
2.513870000000000130e-09 5.852522134003425215e-16
2.662960000000000077e-09 5.874484152353293366e-16
2.820890000000000172e-09 5.695847087330382266e-16
2.988179999999999911e-09 5.772405829483058875e-16
3.165399999999999843e-09 5.433393852924706558e-16
3.353129999999999980e-09 5.194942305959711159e-16
3.551989999999999849e-09 5.831034457302580258e-16
3.762639999999999737e-09 6.022810786003492405e-16
3.985790000000000150e-09 6.321646024889403288e-16
4.222170000000000114e-09 5.919831214000108125e-16
4.472569999999999993e-09 6.468265028603110742e-16
4.737819999999999672e-09 6.239442617113326216e-16
5.018800000000000081e-09 6.681861073159183490e-16
5.316449999999999772e-09 7.172520074910910022e-16
5.631740000000000241e-09 7.021347391366559987e-16
5.965740000000000122e-09 7.023671665446783301e-16
6.319540000000000286e-09 7.044020922189966873e-16
6.694330000000000394e-09 7.067358531322009978e-16
7.091339999999999626e-09 7.044210658849577926e-16
7.511899999999999258e-09 7.207858527763290817e-16
7.957399999999999839e-09 7.710423504905550006e-16
8.429320000000000004e-09 7.492842990497666848e-16
8.929230000000000607e-09 7.837547066844319187e-16
9.458789999999999759e-09 7.926818165190873206e-16
1.001980000000000049e-08 7.655684478608036957e-16
1.061399999999999995e-08 7.572532387533907581e-16
1.124350000000000072e-08 8.009875387935195577e-16
1.191030000000000012e-08 8.519697792307540794e-16
1.261659999999999963e-08 8.886363887004065228e-16
1.336490000000000045e-08 9.145686466526172868e-16
1.415749999999999955e-08 9.058028129786304413e-16
1.499710000000000067e-08 9.973507512405050611e-16
1.588650000000000134e-08 1.004470619392374186e-15
1.682869999999999835e-08 1.108612328435869530e-15
1.782669999999999842e-08 1.228701403719593525e-15
1.888390000000000011e-08 1.260743182111249810e-15
2.000389999999999955e-08 1.334460617786265081e-15
2.119020000000000071e-08 1.414391929063510818e-15
2.244690000000000031e-08 1.652672713034858537e-15
2.377820000000000046e-08 1.773430610043708411e-15
2.518839999999999876e-08 1.963921472875761568e-15
2.668220000000000119e-08 2.481181554304823363e-15
2.826460000000000019e-08 3.129611331938840386e-15
2.994089999999999780e-08 4.377006540046518668e-15
3.171649999999999816e-08 8.447170954171580110e-14
3.359750000000000025e-08 4.634142404566620686e-15
3.559000000000000304e-08 3.622836522011791884e-15
3.770069999999999824e-08 3.101767477141057216e-15
3.993660000000000041e-08 2.671885870878937845e-15
4.230509999999999942e-08 2.776938315888561509e-15
4.481400000000000014e-08 2.799313011473082541e-15
4.747179999999999896e-08 3.082205627535255814e-15
5.028720000000000311e-08 3.243657294613982384e-15
5.326949999999999932e-08 3.593360931941362537e-15
5.642869999999999892e-08 3.833947016326973353e-15
5.977520000000000178e-08 4.826805752151208710e-15
6.332030000000000353e-08 6.005307579154459632e-15
6.707549999999999735e-08 5.292466948999304253e-15
7.105349999999999498e-08 4.892881543860427766e-15
7.526740000000000335e-08 4.991734343517291325e-15
7.973119999999999863e-08 4.860863482551222740e-15
8.445980000000000565e-08 5.523708502899116929e-15
8.946870000000000228e-08 5.897869195650238199e-15
9.477480000000000239e-08 6.144289682318860925e-15
1.003949999999999934e-07 6.482542712238770018e-15
1.063499999999999961e-07 7.141166091910340228e-15
1.126570000000000009e-07 7.168630473388902082e-15
1.193380000000000062e-07 7.841911010015352293e-15
1.264150000000000107e-07 8.006080654742993853e-15
1.339129999999999895e-07 8.219629265134164676e-15
1.418539999999999943e-07 9.329636158018167406e-15
1.502670000000000048e-07 9.153702840394701726e-15
1.591789999999999988e-07 1.012449045928978979e-14
1.686190000000000093e-07 1.101003888385504288e-14
1.786189999999999929e-07 1.104978871404335969e-14
1.892129999999999884e-07 1.170105979815503903e-14
2.004340000000000066e-07 1.263456416343674273e-14
2.123210000000000124e-07 1.369448057818367687e-14
2.249129999999999970e-07 1.482663922607716117e-14
2.382510000000000070e-07 1.542910055450413987e-14
2.523810000000000151e-07 1.641857723437082580e-14
2.673489999999999940e-07 1.707520837911649110e-14
2.832039999999999993e-07 1.791161500884272593e-14
2.999999999999999864e-07 1.813740163377874919e-14
