1.000000000000000062e-09 3.344511816029732538e-14
1.059309999999999933e-09 2.869060207545756304e-14
1.122129999999999929e-09 2.704719799824465684e-14
1.188680000000000077e-09 2.313387939378628823e-14
1.259169999999999902e-09 2.173599455410885852e-14
1.333849999999999897e-09 1.958063353510299425e-14
1.412960000000000051e-09 1.804580626135197225e-14
1.496750000000000027e-09 1.710841229454825588e-14
1.585519999999999918e-09 1.579135527186473026e-14
1.679550000000000058e-09 1.429983539066971382e-14
1.779160000000000089e-09 1.367636072719091394e-14
1.884669999999999862e-09 1.248367608488180898e-14
1.996440000000000191e-09 1.174284929743416091e-14
2.114849999999999992e-09 1.076020313731344053e-14
2.240270000000000164e-09 9.991153021748790341e-15
2.373130000000000055e-09 9.366539938312333222e-15
2.513870000000000130e-09 9.121163003271567439e-15
2.662960000000000077e-09 8.051190545565295043e-15
2.820890000000000172e-09 7.950772418466648436e-15
2.988179999999999911e-09 7.429565814517696470e-15
3.165399999999999843e-09 7.032304683459044086e-15
3.353129999999999980e-09 6.754245608800438833e-15
3.551989999999999849e-09 6.303146700577418258e-15
3.762639999999999737e-09 6.028218280802378313e-15
3.985790000000000150e-09 5.757985843352690668e-15
4.222170000000000114e-09 5.515502392370979977e-15
4.472569999999999993e-09 5.157943657335741099e-15
4.737819999999999672e-09 5.034330223599759134e-15
5.018800000000000081e-09 4.801902815577383543e-15
5.316449999999999772e-09 4.869211895574066453e-15
5.631740000000000241e-09 4.684678763853771354e-15
5.965740000000000122e-09 4.637586124938544181e-15
6.319540000000000286e-09 4.370607671201168387e-15
6.694330000000000394e-09 4.419355762471494179e-15
7.091339999999999626e-09 4.328505106433686751e-15
7.511899999999999258e-09 4.271308990394221172e-15
7.957399999999999839e-09 4.203402239919764975e-15
8.429320000000000004e-09 4.444277672711281142e-15
8.929230000000000607e-09 4.444514843535792936e-15
9.458789999999999759e-09 4.300205883652839816e-15
1.001980000000000049e-08 4.166977544691115366e-15
1.061399999999999995e-08 4.250020537185967771e-15
1.124350000000000072e-08 4.261281407933826793e-15
1.191030000000000012e-08 4.453204782545935558e-15
1.261659999999999963e-08 4.393907333001288493e-15
1.336490000000000045e-08 4.508769163312754565e-15
1.415749999999999955e-08 4.365693491717266877e-15
1.499710000000000067e-08 4.670320442137777208e-15
1.588650000000000134e-08 4.809207676972371890e-15
1.682869999999999835e-08 4.952743459967415567e-15
1.782669999999999842e-08 4.926464932611415052e-15
1.888390000000000011e-08 5.174687917546332620e-15
2.000389999999999955e-08 5.140250713827098458e-15
2.119020000000000071e-08 5.545433350424473483e-15
2.244690000000000031e-08 5.495437740617211504e-15
2.377820000000000046e-08 5.784027199884177023e-15
2.518839999999999876e-08 6.211361591491030463e-15
2.668220000000000119e-08 6.451236163403103530e-15
2.826460000000000019e-08 6.645384200349141902e-15
2.994089999999999780e-08 7.463528676587903100e-15
3.171649999999999816e-08 1.383388958883220255e-13
3.359750000000000025e-08 8.113661340741922047e-15
3.559000000000000304e-08 7.997115597576415057e-15
3.770069999999999824e-08 7.893519381429299837e-15
3.993660000000000041e-08 8.382233582420021610e-15
4.230509999999999942e-08 8.839688668739978623e-15
4.481400000000000014e-08 9.199951151174661736e-15
4.747179999999999896e-08 9.626289425318563117e-15
5.028720000000000311e-08 9.849324868690238840e-15
5.326949999999999932e-08 1.130223333965460045e-14
5.642869999999999892e-08 1.177723906698849176e-14
5.977520000000000178e-08 1.243026521520156422e-14
6.332030000000000353e-08 2.337176173077245797e-14
6.707549999999999735e-08 1.382326433589403630e-14
7.105349999999999498e-08 1.477716539208382530e-14
7.526740000000000335e-08 1.415814954010586514e-14
7.973119999999999863e-08 1.625198844723315589e-14
8.445980000000000565e-08 1.689747256322672821e-14
8.946870000000000228e-08 1.771917460183317973e-14
9.477480000000000239e-08 1.909272571491561368e-14
1.003949999999999934e-07 1.954890007878320275e-14
1.063499999999999961e-07 2.143659010524411685e-14
1.126570000000000009e-07 2.353593137550009795e-14
1.193380000000000062e-07 2.597352567567599288e-14
1.264150000000000107e-07 2.585882986494168562e-14
1.339129999999999895e-07 2.616055858788664903e-14
1.418539999999999943e-07 2.705360161050650447e-14
1.502670000000000048e-07 3.012230747471049498e-14
1.591789999999999988e-07 3.210804392002492828e-14
1.686190000000000093e-07 3.319770155616574823e-14
1.786189999999999929e-07 3.549047935089423311e-14
1.892129999999999884e-07 3.753958784051843492e-14
2.004340000000000066e-07 4.111844814824910365e-14
2.123210000000000124e-07 4.429364371265927078e-14
2.249129999999999970e-07 4.458171139611230310e-14
2.382510000000000070e-07 4.491835166442553136e-14
2.523810000000000151e-07 5.034140486940148594e-14
2.673489999999999940e-07 5.549417820276285352e-14
2.832039999999999993e-07 5.665157182638447982e-14
2.999999999999999864e-07 6.229908349967919351e-14
