1.000000000000000062e-09 6.346406658968521891e-16
1.059309999999999933e-09 5.584993443953179243e-16
1.122129999999999929e-09 5.361341356437771000e-16
1.188680000000000077e-09 4.717498462549828911e-16
1.259169999999999902e-09 4.293332673158463088e-16
1.333849999999999897e-09 3.941921405894592139e-16
1.412960000000000051e-09 3.536183789567857965e-16
1.496750000000000027e-09 3.513481798245509371e-16
1.585519999999999918e-09 3.028301442540025480e-16
1.679550000000000058e-09 2.875349977811831072e-16
1.779160000000000089e-09 2.567763135501403901e-16
1.884669999999999862e-09 2.565538473167475083e-16
1.996440000000000191e-09 2.541114621659165038e-16
2.114849999999999992e-09 2.087847972100099848e-16
2.240270000000000164e-09 2.181392888704371058e-16
2.373130000000000055e-09 2.319758347725038402e-16
2.513870000000000130e-09 2.239125010807234828e-16
2.662960000000000077e-09 2.044853645032450850e-16
2.820890000000000172e-09 2.067683708600036386e-16
2.988179999999999911e-09 1.922682209909505439e-16
3.165399999999999843e-09 1.936798617384497292e-16
3.353129999999999980e-09 1.819840196984339493e-16
3.551989999999999849e-09 1.928407513613240328e-16
3.762639999999999737e-09 2.007499240171711866e-16
3.985790000000000150e-09 1.935878394585388174e-16
4.222170000000000114e-09 2.010791171215946815e-16
4.472569999999999993e-09 1.850463693845410087e-16
4.737819999999999672e-09 1.959856364943614760e-16
5.018800000000000081e-09 2.267576022915769816e-16
5.316449999999999772e-09 2.045522466757576531e-16
5.631740000000000241e-09 2.243934835128350802e-16
5.965740000000000122e-09 2.327433195606266675e-16
6.319540000000000286e-09 2.466401068521196622e-16
6.694330000000000394e-09 2.429264860819009165e-16
7.091339999999999626e-09 2.689204084484849521e-16
7.511899999999999258e-09 2.911613396879812420e-16
7.957399999999999839e-09 3.156914437256733486e-16
8.429320000000000004e-09 3.199263659681708800e-16
8.929230000000000607e-09 3.620009445783601499e-16
9.458789999999999759e-09 3.647995603076092219e-16
1.001980000000000049e-08 3.809314454493091840e-16
1.061399999999999995e-08 3.876253548003535515e-16
1.124350000000000072e-08 4.426058209972220172e-16
1.191030000000000012e-08 4.470973620718422818e-16
1.261659999999999963e-08 4.815421552574602750e-16
1.336490000000000045e-08 5.251815869677839428e-16
1.415749999999999955e-08 4.950751225041509278e-16
1.499710000000000067e-08 5.793087125380560063e-16
1.588650000000000134e-08 6.233039004851485487e-16
1.682869999999999835e-08 6.422728230296685916e-16
1.782669999999999842e-08 7.023813967941491837e-16
1.888390000000000011e-08 6.694668297682864948e-16
2.000389999999999955e-08 7.563330159542817385e-16
2.119020000000000071e-08 7.760229378053203299e-16
2.244690000000000031e-08 8.250508906485708712e-16
2.377820000000000046e-08 8.703457747139925660e-16
2.518839999999999876e-08 9.806918725267380703e-16
2.668220000000000119e-08 1.002464154216997338e-15
2.826460000000000019e-08 1.082390722077753021e-15
2.994089999999999780e-08 1.644594674751958577e-15
3.171649999999999816e-08 3.393459130792649058e-14
3.359750000000000025e-08 1.719061570232433611e-15
3.559000000000000304e-08 1.376605873302158982e-15
3.770069999999999824e-08 1.423793380547191781e-15
3.993660000000000041e-08 1.492335748831341109e-15
4.230509999999999942e-08 1.602074689333334597e-15
4.481400000000000014e-08 1.665707621550072667e-15
4.747179999999999896e-08 1.793205913391571532e-15
5.028720000000000311e-08 1.817459001906232616e-15
5.326949999999999932e-08 1.998595847419507525e-15
5.642869999999999892e-08 2.133678862228919980e-15
5.977520000000000178e-08 2.383581016601386637e-15
6.332030000000000353e-08 3.656386706847348986e-15
6.707549999999999735e-08 2.470802959024150755e-15
7.105349999999999498e-08 2.557156856229198820e-15
7.526740000000000335e-08 2.767736087897471708e-15
7.973119999999999863e-08 3.004366162930211060e-15
8.445980000000000565e-08 3.163721239920246001e-15
8.946870000000000228e-08 3.368646319132137331e-15
9.477480000000000239e-08 3.578205716255006112e-15
1.003949999999999934e-07 3.839264386212546254e-15
1.063499999999999961e-07 3.831902603819674098e-15
1.126570000000000009e-07 4.248744558150090074e-15
1.193380000000000062e-07 4.579355944104203740e-15
1.264150000000000107e-07 4.715117267471721788e-15
1.339129999999999895e-07 5.094381876366356213e-15
1.418539999999999943e-07 5.183985013867227454e-15
1.502670000000000048e-07 5.396395204300737879e-15
1.591789999999999988e-07 5.758507619166619140e-15
1.686190000000000093e-07 6.035523142197368238e-15
1.786189999999999929e-07 6.416798959683870945e-15
1.892129999999999884e-07 7.215021086663572798e-15
2.004340000000000066e-07 7.336926890463062588e-15
2.123210000000000124e-07 7.884981231746845268e-15
2.249129999999999970e-07 8.128460800191508809e-15
2.382510000000000070e-07 8.771668076269758753e-15
2.523810000000000151e-07 9.487829097968090295e-15
2.673489999999999940e-07 1.026157519585808963e-14
2.832039999999999993e-07 1.043755594764646098e-14
2.999999999999999864e-07 1.117558411936485742e-14
