1.000000000000000062e-09 1.300625827961293392e-14
1.059309999999999933e-09 1.197475492964261039e-14
1.122129999999999929e-09 1.078890080707946939e-14
1.188680000000000077e-09 1.004940217624909337e-14
1.259169999999999902e-09 9.148200477266006643e-15
1.333849999999999897e-09 8.377679902589380015e-15
1.412960000000000051e-09 7.909030353352424348e-15
1.496750000000000027e-09 7.226168115415665780e-15
1.585519999999999918e-09 6.732046419626056324e-15
1.679550000000000058e-09 6.208847580751197872e-15
1.779160000000000089e-09 5.598701917610009897e-15
1.884669999999999862e-09 5.380267588233879074e-15
1.996440000000000191e-09 5.179146729047169971e-15
2.114849999999999992e-09 4.594885889693289258e-15
2.240270000000000164e-09 4.404627454269259615e-15
2.373130000000000055e-09 4.196007253611461846e-15
2.513870000000000130e-09 3.748314118428443541e-15
2.662960000000000077e-09 3.502775907227009596e-15
2.820890000000000172e-09 3.430457779416618565e-15
2.988179999999999911e-09 3.180958815445823694e-15
3.165399999999999843e-09 3.050197053059031292e-15
3.353129999999999980e-09 2.959123456446182035e-15
3.551989999999999849e-09 2.739650318858686098e-15
3.762639999999999737e-09 2.603433627508103101e-15
3.985790000000000150e-09 2.548438456720115082e-15
4.222170000000000114e-09 2.356756996349008363e-15
4.472569999999999993e-09 2.358104126632240230e-15
4.737819999999999672e-09 2.251685577673423298e-15
5.018800000000000081e-09 2.135362775082960109e-15
5.316449999999999772e-09 2.100825959617430662e-15
5.631740000000000241e-09 2.009315968687478252e-15
5.965740000000000122e-09 2.005440597414942250e-15
6.319540000000000286e-09 1.960302246093698762e-15
6.694330000000000394e-09 1.923554998543712040e-15
7.091339999999999626e-09 1.832932026497436692e-15
7.511899999999999258e-09 1.851326995646636185e-15
7.957399999999999839e-09 1.836266648290084004e-15
8.429320000000000004e-09 1.824493488561277408e-15
8.929230000000000607e-09 1.793642307708674685e-15
9.458789999999999759e-09 1.806259795572746471e-15
1.001980000000000049e-08 1.798509053027673679e-15
1.061399999999999995e-08 1.806871696299989330e-15
1.124350000000000072e-08 1.832087698362171501e-15
1.191030000000000012e-08 1.806340433653080749e-15
1.261659999999999963e-08 1.814356807521607635e-15
1.336490000000000045e-08 1.835360655740445937e-15
1.415749999999999955e-08 1.765011045773510134e-15
1.499710000000000067e-08 1.811985099276481410e-15
1.588650000000000134e-08 1.872383021446867255e-15
1.682869999999999835e-08 1.838951422023567233e-15
1.782669999999999842e-08 1.847726742530534385e-15
1.888390000000000011e-08 1.812810453745785199e-15
2.000389999999999955e-08 1.892371778536791701e-15
2.119020000000000071e-08 1.951071557603667056e-15
2.244690000000000031e-08 1.950122874305616724e-15
2.377820000000000046e-08 1.935328158272518636e-15
2.518839999999999876e-08 1.961070679565119531e-15
2.668220000000000119e-08 1.977535078202786204e-15
2.826460000000000019e-08 2.130960884580005778e-15
2.994089999999999780e-08 2.287811437663187052e-15
3.171649999999999816e-08 4.064339498675030350e-14
3.359750000000000025e-08 2.310665218313224291e-15
3.559000000000000304e-08 2.274619996403794815e-15
3.770069999999999824e-08 2.287773490331265039e-15
3.993660000000000041e-08 2.418245904312152485e-15
4.230509999999999942e-08 2.479848654271062252e-15
4.481400000000000014e-08 2.613641459795126649e-15
4.747179999999999896e-08 2.789622211583496819e-15
5.028720000000000311e-08 2.882137806809382975e-15
5.326949999999999932e-08 3.087978365403892875e-15
5.642869999999999892e-08 3.086076255391301959e-15
5.977520000000000178e-08 3.399450065819837932e-15
6.332030000000000353e-08 5.562225044799967520e-15
6.707549999999999735e-08 3.763554715611624496e-15
7.105349999999999498e-08 3.867203109340133274e-15
7.526740000000000335e-08 4.019632798254399605e-15
7.973119999999999863e-08 4.368093660461334218e-15
8.445980000000000565e-08 4.579982075080916171e-15
8.946870000000000228e-08 4.831644036971266983e-15
9.477480000000000239e-08 5.159461550612622420e-15
1.003949999999999934e-07 5.445963906623877208e-15
1.063499999999999961e-07 5.693997154899183921e-15
1.126570000000000009e-07 6.133664429380694837e-15
1.193380000000000062e-07 6.480645345642670142e-15
1.264150000000000107e-07 6.740537135143607587e-15
1.339129999999999895e-07 7.597245587448124260e-15
1.418539999999999943e-07 7.740686502113362903e-15
1.502670000000000048e-07 8.150849726025501384e-15
1.591789999999999988e-07 8.723996740542720088e-15
1.686190000000000093e-07 9.094837041750665984e-15
1.786189999999999929e-07 9.564625010945280473e-15
1.892129999999999884e-07 1.013938478706918474e-14
2.004340000000000066e-07 1.058426981968997170e-14
2.123210000000000124e-07 1.178838609574058632e-14
2.249129999999999970e-07 1.227913996582211789e-14
2.382510000000000070e-07 1.316767674277622952e-14
2.523810000000000151e-07 1.428000790974045872e-14
2.673489999999999940e-07 1.447121502846253948e-14
2.832039999999999993e-07 1.537929468135649112e-14
2.999999999999999864e-07 1.653702034413243345e-14
