1.000000000000000062e-09 5.734837970880258616e-15
1.059309999999999933e-09 4.894209700477697442e-15
1.122129999999999929e-09 4.725382020756628751e-15
1.188680000000000077e-09 4.238010206632647409e-15
1.259169999999999902e-09 3.829018606593600299e-15
1.333849999999999897e-09 3.608781778951173844e-15
1.412960000000000051e-09 3.228435671096762041e-15
1.496750000000000027e-09 2.876199049363586711e-15
1.585519999999999918e-09 2.904825567882261010e-15
1.679550000000000058e-09 2.481319113383041056e-15
1.779160000000000089e-09 2.375479261236035221e-15
1.884669999999999862e-09 2.197378202276522165e-15
1.996440000000000191e-09 2.064311139475466666e-15
2.114849999999999992e-09 1.960648515497487133e-15
2.240270000000000164e-09 1.948676132276089573e-15
2.373130000000000055e-09 1.809300325542998181e-15
2.513870000000000130e-09 1.896019465817795623e-15
2.662960000000000077e-09 1.877173872102022222e-15
2.820890000000000172e-09 1.825242948366737565e-15
2.988179999999999911e-09 1.816149818954923158e-15
3.165399999999999843e-09 1.804741902295865940e-15
3.353129999999999980e-09 1.851075594572652847e-15
3.551989999999999849e-09 1.772244755921145101e-15
3.762639999999999737e-09 1.820817340781331976e-15
3.985790000000000150e-09 1.708066330808028090e-15
4.222170000000000114e-09 1.768748857967829232e-15
4.472569999999999993e-09 1.748897659956122084e-15
4.737819999999999672e-09 1.793879478533187268e-15
5.018800000000000081e-09 1.751966650425315501e-15
5.316449999999999772e-09 1.937443722027171666e-15
5.631740000000000241e-09 1.915628749588499936e-15
5.965740000000000122e-09 2.116384365705459267e-15
6.319540000000000286e-09 1.919067726543933179e-15
6.694330000000000394e-09 2.222494592592409051e-15
7.091339999999999626e-09 2.299451781730267391e-15
7.511899999999999258e-09 2.588235721073333228e-15
7.957399999999999839e-09 2.704980687731429999e-15
8.429320000000000004e-09 2.548272437142956274e-15
8.929230000000000607e-09 2.727796521049544435e-15
9.458789999999999759e-09 2.810118514237877798e-15
1.001980000000000049e-08 2.898991165599249889e-15
1.061399999999999995e-08 3.258328681818333139e-15
1.124350000000000072e-08 3.419054606174051204e-15
1.191030000000000012e-08 3.412375875755775682e-15
1.261659999999999963e-08 3.759057956778865132e-15
1.336490000000000045e-08 3.838178143836277835e-15
1.415749999999999955e-08 4.163984448885766568e-15
1.499710000000000067e-08 4.381403687132983536e-15
1.588650000000000134e-08 4.508830827727127837e-15
1.682869999999999835e-08 5.147650443551892627e-15
1.782669999999999842e-08 5.326524679399317494e-15
1.888390000000000011e-08 5.600409547546499706e-15
2.000389999999999955e-08 5.567869710423367786e-15
2.119020000000000071e-08 6.691300471974785874e-15
2.244690000000000031e-08 6.689877447027710376e-15
2.377820000000000046e-08 6.931412214711370735e-15
2.518839999999999876e-08 8.238270891940856861e-15
2.668220000000000119e-08 7.891005370689464879e-15
2.826460000000000019e-08 8.971081305519974891e-15
2.994089999999999780e-08 1.348458439849000298e-14
3.171649999999999816e-08 2.659415428926064018e-13
3.359750000000000025e-08 1.414984856124792473e-14
3.559000000000000304e-08 1.055172998256684056e-14
3.770069999999999824e-08 1.132936568197884468e-14
3.993660000000000041e-08 1.191143031949773967e-14
4.230509999999999942e-08 1.242926909773861138e-14
4.481400000000000014e-08 1.298168738219342401e-14
4.747179999999999896e-08 1.389119006003445429e-14
5.028720000000000311e-08 1.449308217848260122e-14
5.326949999999999932e-08 1.499787656137528086e-14
5.642869999999999892e-08 1.678614457820049805e-14
5.977520000000000178e-08 1.739026610239906326e-14
6.332030000000000353e-08 3.066139675882770834e-14
6.707549999999999735e-08 2.018622551841353906e-14
7.105349999999999498e-08 2.128195472766188428e-14
7.526740000000000335e-08 2.289158567946418919e-14
7.973119999999999863e-08 2.215042685286222350e-14
8.445980000000000565e-08 2.513014622370908653e-14
8.946870000000000228e-08 2.790376414805446912e-14
9.477480000000000239e-08 2.678801772121726188e-14
1.003949999999999934e-07 2.798440222838876314e-14
1.063499999999999961e-07 3.134791142746195595e-14
1.126570000000000009e-07 3.292841780201411250e-14
1.193380000000000062e-07 3.458524574789442932e-14
1.264150000000000107e-07 3.841422640715611076e-14
1.339129999999999895e-07 3.855700324351272048e-14
1.418539999999999943e-07 4.208207320824391328e-14
1.502670000000000048e-07 4.243227964771925814e-14
1.591789999999999988e-07 4.730082746498468305e-14
1.686190000000000093e-07 4.791230128474315253e-14
1.786189999999999929e-07 4.964602001193045983e-14
1.892129999999999884e-07 5.669948033293602475e-14
2.004340000000000066e-07 5.744656843015080344e-14
2.123210000000000124e-07 6.238114460496055672e-14
2.249129999999999970e-07 6.095764531623575857e-14
2.382510000000000070e-07 7.084150225697503582e-14
2.523810000000000151e-07 7.124184660875235178e-14
2.673489999999999940e-07 7.791156453569648471e-14
2.832039999999999993e-07 8.178314107504065447e-14
2.999999999999999864e-07 8.491901371674661166e-14
