5.548911266691958622e-10 1.954545873092111804e-18
5.603717905418927519e-10 1.880496098327821520e-18
5.659065869732876898e-10 1.809276599485404632e-18
5.714960506310765864e-10 1.740778741837974749e-18
5.771407214638648765e-10 1.674898069418554273e-18
5.828411447533419362e-10 1.611534144103976040e-18
5.885978711669457084e-10 1.550590390898354991e-18
5.944114568110633402e-10 1.491973949177328048e-18
6.002824632847416753e-10 1.435595529664115527e-18
6.062114577339527828e-10 1.381369276916321402e-18
6.121990129063715124e-10 1.329212637109471170e-18
6.182457072067056053e-10 1.279046230916403959e-18
6.243521247525735025e-10 1.230793731282374323e-18
6.305188554309195098e-10 1.184381745910636244e-18
6.367464949550140903e-10 1.139739704274196126e-18
6.430356449219890325e-10 1.096799748981347474e-18
6.493869128709560902e-10 1.055496631325250826e-18
6.558009123416978254e-10 1.015767610858972081e-18
6.622782629339257935e-10 9.775523588376144402e-19
6.688195903671509452e-10 9.407928653814675599e-19
6.754255265411176490e-10 9.054333502146837823e-19
6.820967095968516885e-10 8.714201768428182219e-19
6.888337839782943165e-10 8.387017700364449427e-19
6.956374004945727225e-10 8.072285364932807307e-19
7.025082163828583139e-10 7.769527885563016056e-19
7.094468953718585153e-10 7.478286708705664042e-19
7.164541077459377415e-10 7.198120898647027256e-19
7.235305304098549302e-10 6.928606459491641577e-19
7.306768469541714020e-10 6.669335683256357838e-19
7.378937477212747615e-10 6.419916523077489124e-19
7.451819298720696116e-10 6.179971990555946221e-19
7.525420974533272183e-10 5.949139576318334761e-19
7.599749614656847209e-10 5.727070692892400561e-19
7.674812399323473411e-10 5.513430139040820465e-19
7.750616579684379649e-10 5.307895584724837355e-19
7.827169478510500348e-10 5.110157075904820465e-19
7.904478490899740771e-10 4.919916558411017126e-19
7.982551084991536991e-10 4.736887420149831644e-19
8.061394802688165654e-10 4.560794050942794021e-19
8.141017260383327771e-10 4.391371419313204692e-19
8.221426149697939308e-10 4.228364665571783791e-19
8.302629238223009689e-10 4.071528710571698490e-19
8.384634370270206874e-10 3.920627879529237981e-19
8.467449467629491725e-10 3.775435540330024841e-19
8.551082530334401727e-10 3.635733755761651338e-19
8.635541637434905483e-10 3.501312949138525758e-19
8.720834947777700795e-10 3.371971582800104885e-19
8.806970700794582928e-10 3.247515848988200570e-19
8.893957217298243025e-10 3.127759372626634953e-19
8.981802900286138769e-10 3.012522925543168550e-19
9.070516235752086780e-10 2.901634151695184796e-19
9.160105793506239514e-10 2.794927302972446526e-19
9.250580228002793204e-10 2.692242985171968777e-19
9.341948279176053431e-10 2.593427913751683379e-19
9.434218773284760081e-10 2.498334678986505106e-19
9.527400623764566250e-10 2.406821520164826129e-19
9.621502832089310068e-10 2.318752108476819934e-19
9.716534488640414608e-10 2.233995338260027422e-19
9.812504773585072459e-10 2.152425126280252075e-19
9.909422957763095012e-10 2.073920218737926582e-19
1.000729840358232927e-09 1.998364005703096535e-19
1.010614056592331838e-09 1.925644342691659898e-19
1.020595899305248840e-09 1.855653379109302229e-19
1.030676332754460972e-09 1.788287393297133589e-19
1.040856330721411148e-09 1.723446633926044705e-19
1.051136876605601190e-09 1.661035167494263384e-19
1.061518963519573880e-09 1.600960731693461414e-19
1.072003594384851016e-09 1.543134594417373013e-19
1.082591782028823562e-09 1.487471418195757691e-19
1.093284549282571754e-09 1.433889129844378204e-19
1.104082929079700564e-09 1.382308795130213945e-19
1.114987964556102857e-09 1.332654498259210626e-19
1.126000709150737696e-09 1.284853226000119136e-19
1.137122226707374594e-09 1.238834756266677317e-19
1.148353591577390142e-09 1.194531550985488795e-19
1.159695888723532856e-09 1.151878653085654520e-19
1.171150213824736471e-09 1.110813587450560777e-19
1.182717673381969074e-09 1.071276265679576463e-19
1.194399384825102153e-09 1.033208894513273096e-19
1.206196476620885789e-09 9.965558877803800886e-20
1.218110088381939423e-09 9.612637817315250268e-20
1.230141370976844630e-09 9.272811536291201148e-20
1.242291486641326467e-09 8.945585434680008526e-20
1.254561609090505605e-09 8.630483787062200330e-20
1.266952923632310991e-09 8.327049018903139074e-20
1.279466627281962065e-09 8.034841010634228897e-20
1.292103928877611703e-09 7.753436428492580370e-20
1.304866049197100908e-09 7.482428081087617050e-20
1.317754221075918274e-09 7.221424300705525121e-20
1.330769689526272847e-09 6.970048348398967941e-20
1.343913711857368458e-09 6.727937841946238874e-20
1.357187557796866924e-09 6.494744205799638596e-20
1.370592509613523778e-09 6.270132142177066438e-20
1.384129862241088760e-09 6.053779122482418583e-20
1.397800923403377178e-09 5.845374898272581491e-20
1.411607013740601685e-09 5.644621031019953621e-20
1.425549466936954556e-09 5.451230439944676234e-20
1.439629629849419759e-09 5.264926967223821714e-20
1.453848862637915150e-09 5.085444959906718132e-20
1.468208538896662193e-09 4.912528867895142184e-20
1.482710045786889508e-09 4.745932857369106771e-20
1.497354784170809255e-09 4.585420439064938226e-20
1.512144168746978823e-09 4.430764110832816849e-20
1.527079628186937629e-09 4.281745013925889196e-20
1.542162605273224685e-09 4.138152602491713198e-20
1.557394557038759769e-09 3.999784325758389850e-20
1.572776954907568359e-09 3.866445322427355658e-20
1.588311284836961775e-09 3.737948126802304057e-20
1.603999047461056326e-09 3.614112386203999128e-20
1.619841758235742707e-09 3.494764589236134920e-20
1.635840947585088286e-09 3.379737804485062287e-20
1.651998161049149728e-09 3.268871429252169285e-20
1.668314959433315282e-09 3.162010947932709028e-20
1.684792918959052870e-09 3.059007699670744522e-20
1.701433631416188656e-09 2.959718654932747071e-20
1.718238704316648492e-09 2.864006200657654425e-20
1.735209761049786510e-09 2.771737933652610213e-20
1.752348441039178454e-09 2.682786461918403639e-20
1.769656399900999672e-09 2.597029213598876804e-20
1.787135309603966279e-09 2.514348253261540242e-20
1.804786858630820046e-09 2.434630105227538625e-20
1.822612752141481295e-09 2.357765583679544734e-20
1.840614712137741181e-09 2.283649629287470400e-20
1.858794477629622603e-09 2.212181152101115881e-20
1.877153804803341293e-09 2.143262880468916204e-20
1.895694467191000058e-09 2.076801215750758365e-20
1.914418255841884445e-09 2.012706092602656206e-20
1.933326979495486591e-09 1.950890844618474056e-20
1.952422464756242163e-09 1.891272075122974015e-20
1.971706556269946474e-09 1.833769532918129659e-20
1.991181116902000745e-09 1.778305992791754434e-20
2.010848027917333806e-09 1.724807140605839480e-20
2.030709189162142369e-09 1.673201462787931436e-20
2.050766519247426270e-09 1.623420140056263383e-20
2.071021955734296369e-09 1.575396945215754602e-20
2.091477455321194061e-09 1.529068144867830400e-20
2.112134994032878052e-09 1.484372404883668537e-20
2.132996567411318213e-09 1.441250699495590032e-20
2.154064190708476633e-09 1.399646223867119397e-20
2.175339899080948186e-09 1.359504310007712626e-20
2.196825747786610721e-09 1.320772345902650374e-20
2.218523812383131458e-09 1.283399697734333835e-20
2.240436188928485491e-09 1.247337635075041352e-20
2.262564994183400384e-09 1.212539258936473038e-20
2.284912365815893951e-09 1.178959432564975001e-20
2.307480462607737297e-09 1.146554714876272377e-20
2.330271464663006071e-09 1.115283296426845899e-20
2.353287573618689751e-09 1.085104937823256807e-20
2.376531012857334140e-09 1.055980910474382254e-20
2.400004027721880432e-09 1.027873939594645108e-20
2.423708885732529638e-09 1.000748149370327769e-20
2.447647876805806069e-09 9.745690102035358612e-21
2.471823313475728056e-09 9.493032879521128210e-21
2.496237531117259219e-09 9.249189950860488758e-21
2.520892888171870275e-09 9.013853436844413859e-21
2.545791766375375186e-09 8.786727001991948345e-21
2.570936570988022200e-09 8.567525419143773982e-21
2.596329731026801323e-09 8.355974150327068048e-21
2.621973699500152680e-09 8.151808943226390419e-21
2.647870953644890068e-09 7.954775442620927112e-21
2.674023995165513409e-09 7.764628816166511446e-21
2.700435350475888173e-09 7.581133393921428855e-21
2.727107570943255390e-09 7.404062321034648356e-21
2.754043233134763731e-09 7.233197223030911780e-21
2.781244939066322661e-09 7.068327883146100342e-21
2.808715316453973942e-09 6.909251931180363448e-21
2.836457018967741364e-09 6.755774543351838092e-21
2.864472726487933493e-09 6.607708152648720724e-21
2.892765145364090901e-09 6.464872169188258947e-21
2.921337008676378964e-09 6.327092710106884638e-21
2.950191076499627223e-09 6.194202338514308273e-21
2.979330136169909841e-09 6.066039811057468788e-21
3.008757002553877267e-09 5.942449833648498956e-21
3.038474518320625688e-09 5.823282824923459333e-21
3.068485554216317268e-09 5.708394687004977954e-21
3.098793009341506925e-09 5.597646583152855087e-21
3.129399811431150828e-09 5.490904721894875324e-21
3.160308917137502991e-09 5.388040147237970838e-21
3.191523312315682010e-09 5.288928534570145013e-21
3.223046012312132933e-09 5.193449991870840537e-21
3.254880062255861419e-09 5.101488865857802230e-21
3.287028537352673881e-09 5.012933552707760180e-21
3.319494543182196532e-09 4.927676313000043040e-21
3.352281215997887595e-09 4.845613090543516856e-21
3.385391723030018668e-09 4.766643334761550810e-21
3.418829262791578109e-09 4.690669826325158611e-21
3.452597065387331359e-09 4.617598505742410006e-21
3.486698392825801204e-09 4.547338304633753960e-21
3.521136539334391331e-09 4.479800979446576510e-21
3.555914831677631249e-09 4.414900947390823024e-21
3.591036629478483427e-09 4.352555124410758739e-21
3.626505325542976533e-09 4.292682765045377456e-21
3.662324346187895098e-09 4.235205304074810079e-21
3.698497151571796522e-09 4.180046199900257433e-21
3.735027236029204446e-09 4.127130779663146909e-21
3.771918128408256019e-09 4.076386086175336577e-21
3.809173392411534641e-09 4.027740726807475471e-21
3.846796626940339640e-09 3.981124724566355535e-21
3.884791466442362273e-09 3.936469371686474830e-21
3.923161581262714710e-09 3.893707086165541152e-21
3.961910677998582070e-09 3.852771271787730196e-21
4.001042499857221223e-09 3.813596182304016117e-21
4.040560827017595059e-09 3.776116790572596986e-21
4.080469476995469325e-09 3.740268663605823136e-21
4.120772305012295481e-09 3.705987844619867727e-21
4.161473204367556947e-09 3.673210743338851047e-21
4.202576106814887304e-09 3.641874035961642729e-21
4.244084982941898397e-09 3.611914576355462569e-21
4.286003842553672018e-09 3.583269320189150872e-21
4.328336735060218748e-09 3.555875263856157396e-21
4.371087749867585501e-09 3.529669400155923184e-21
4.414261016772913669e-09 3.504588692794232570e-21
4.457860706363398260e-09 3.480570071820657301e-21
4.501891030419105005e-09 3.457550452134420904e-21
4.546356242319934946e-09 3.435466777148249572e-21
4.591260637456437899e-09 3.414256089594654679e-21
4.636608553644767604e-09 3.393855631277971876e-21
4.682404371545741357e-09 3.374202973310960117e-21
4.728652515087939575e-09 3.355236178017414437e-21
4.775357451895172892e-09 3.336893993226111626e-21
4.822523693717991676e-09 3.319116079123800809e-21
4.870155796869558100e-09 3.301843267174999809e-21
4.918258362665714497e-09 3.285017849859720150e-21
4.966836037869593771e-09 3.268583899136996145e-21
5.015893515140426915e-09 3.252487610627346024e-21
5.065435533486871074e-09 3.236677669543780427e-21
5.115466878724833334e-09 3.221105633416191750e-21
5.165992383939694289e-09 3.205726325682616640e-21
5.217016929953320147e-09 3.190498233300532686e-21
5.268545445795472138e-09 3.175383900705685388e-21
5.320582909179995367e-09 3.160350311757592328e-21
5.373134346985586938e-09 3.145369250803796642e-21
5.426204835741531301e-09 3.130417633708636275e-21
5.479799502118005765e-09 3.115477799660528534e-21
5.533923523421349935e-09 3.100537754819010716e-21
5.588582128094221287e-09 3.085591359401921011e-21
5.643780596220573224e-09 3.070638450644168189e-21
5.699524260035860900e-09 3.055684895166066995e-21
5.755818504442043869e-09 3.040742565641815191e-21
5.812668767527799977e-09 3.025829238211069353e-21
5.870080541093875208e-09 3.010968408772381899e-21
5.928059371183500847e-09 2.996189028068659639e-21
5.986610858618289886e-09 2.981525157249455974e-21
6.045740659539190806e-09 2.967015547299064674e-21
6.105454485952898280e-09 2.952703147282627712e-21
6.165758106283666181e-09 2.938634547723152715e-21
6.226657345930441853e-09 2.924859366531111886e-21
6.288158087829759209e-09 2.911429585732051337e-21
6.350266273023934880e-09 2.898398847761875297e-21
6.412987901235032303e-09 2.885821720328536810e-21
6.476329031444335653e-09 2.873752938798283588e-21
6.540295782477814216e-09 2.862246634796298572e-21
6.604894333597099928e-09 2.851355559275035629e-21
6.670130925096465273e-09 2.841130307769551020e-21
6.736011858905536859e-09 2.831618555008355546e-21
6.802543499198227731e-09 2.822864305563989419e-21
6.869732273007421080e-09 2.814907166894791953e-21
6.937584670845847870e-09 2.807781651024940695e-21
7.006107247333116214e-09 2.801516511302573959e-21
7.075306621828772548e-09 2.796134121217553762e-21
7.145189479071914906e-09 2.791649903181660103e-21
7.215762569826831374e-09 2.788071816479595494e-21
7.287032711535160867e-09 2.785399915260191984e-21
7.359006788974494332e-09 2.783625989387123747e-21
7.431691754923333662e-09 2.782733303096557533e-21
7.505094630832916210e-09 2.782696448556652907e-21
7.579222507505377983e-09 2.783481333381179893e-21
7.654082545778759285e-09 2.785045322657673351e-21
7.729681977218785784e-09 2.787337556807011132e-21
7.806028104817315833e-09 2.790299466262009971e-21
7.883128303698013217e-09 2.793865502194171453e-21
7.960990021828655537e-09 2.797964099004924710e-21
8.039620780740693664e-09 2.802518878765276417e-21
8.119028176255699948e-09 2.807450100073759246e-21
8.199219879219333848e-09 2.812676343900575305e-21
8.280203636242224448e-09 2.818116417090509136e-21
8.361987270448327372e-09 2.823691440743225746e-21
8.444578682230693241e-09 2.829327076366769772e-21
8.527985850014507048e-09 2.834955828443265801e-21
8.612216831028028757e-09 2.840519348984743792e-21
8.697279762080783319e-09 2.845970659029645968e-21
8.783182860349665150e-09 2.851276195058783393e-21
8.869934424172573260e-09 2.856417586052763655e-21
8.957542833850268559e-09 2.861393070114621428e-21
9.046016552455766777e-09 2.866218468536414725e-21
9.135364126651918819e-09 2.870927649656844474e-21
9.225594187517067710e-09 2.875572434037692347e-21
9.316715451378672947e-09 2.880221915083845794e-21
9.408736720655535867e-09 2.884961193579704260e-21
9.501666884707977541e-09 2.889889548884671453e-21
9.595514920696602794e-09 2.895118091954690102e-21
9.690289894449534558e-09 2.900766964458669836e-21
9.786000961338030870e-09 2.906962163040216254e-21
9.882657367161144615e-09 2.913832077836360534e-21
9.980268449038709661e-09 2.921503839935170613e-21
1.007884363631338959e-08 2.930099574334991970e-21
1.017839245146149455e-08 2.939732654392997251e-21
1.027892451101290203e-08 2.950504052189438755e-21
1.038044952648007501e-08 2.962498878152155987e-21
1.048297730529615425e-08 2.975783203905640378e-21
1.058651775176231167e-08 2.990401265365234487e-21
1.069108086800466273e-08 3.006373148641993126e-21
1.079667675494030910e-08 3.023693068563486594e-21
1.090331561325325464e-08 3.042328356836753338e-21
1.101100774437973799e-08 3.062219281457959723e-21
1.111976355150329443e-08 3.083279817533539632e-21
1.122959354055986804e-08 3.105399478402027756e-21
1.134050832125252735e-08 3.128446291087919307e-21
1.145251860807654728e-08 3.152270958688684546e-21
1.156563522135426009e-08 3.176712192881022775e-21
1.167986908828049912e-08 3.201603123334394104e-21
1.179523124397799031e-08 3.226778601509173945e-21
1.191173283256352016e-08 3.252083121504966376e-21
1.202938510822440211e-08 3.277378990703824823e-21
1.214819943630557055e-08 3.302554310196107253e-21
1.226818729440765643e-08 3.327530281708775750e-21
1.238936027349554003e-08 3.352267354060610305e-21
1.251173007901822442e-08 3.376769763585565179e-21
1.263530853203952189e-08 3.401088108756255888e-21
1.276010757037993215e-08 3.425319721773271997e-21
1.288613924976989417e-08 3.449606745438328592e-21
1.301341574501444494e-08 3.474131974555564991e-21
1.314194935116926022e-08 3.499112658943944325e-21
1.327175248472829558e-08 3.524792573939398831e-21
1.340283768482342003e-08 3.551432733346016442e-21
1.353521761443549281e-08 3.579301145419417470e-21
1.366890506161781310e-08 3.608661998083501783e-21
1.380391294073138360e-08 3.639764614850636651e-21
1.394025429369236179e-08 3.672832461881476926e-21
1.407794229123212228e-08 3.708052425567984515e-21
1.421699023416933990e-08 3.745564535450850133e-21
1.435741155469506602e-08 3.785452294199542802e-21
1.449921981767020106e-08 3.827733806884681193e-21
1.464242872193582303e-08 3.872353983630879586e-21
1.478705210163656565e-08 3.919178224596249045e-21
1.493310392755707921e-08 3.967988177108121392e-21
1.508059830847155090e-08 4.018480362860351868e-21
1.522954949250655268e-08 4.070268674211538488e-21
1.537997186851763366e-08 4.122891881013270203e-21
1.553187996747905459e-08 4.175827304490201372e-21
1.568528846388771195e-08 4.228511624173946252e-21
1.584021217718061778e-08 4.280369315236171491e-21
1.599666607316638535e-08 4.330848424701140400e-21
1.615466526547115412e-08 4.379462304491480051e-21
1.631422501699834516e-08 4.425834632721169964e-21
1.647536074140327598e-08 4.469743773560701424e-21
1.663808800458207246e-08 4.511161524371187890e-21
1.680242252617525154e-08 4.550280862016182803e-21
1.696838018108634877e-08 4.587527636881256583e-21
1.713597700101550780e-08 4.623552320100530530e-21
1.730522917600809821e-08 4.659199731217883487e-21
1.747615305601857981e-08 4.695456836111915773e-21
1.764876515249018603e-08 4.733380826898383416e-21
1.782308213994965537e-08 4.774011488060706700e-21
1.799912085761825821e-08 4.818273249773163893e-21
1.817689831103838141e-08 4.866873532617090052e-21
1.835643167371617989e-08 4.920205394912057722e-21
1.853773828878080171e-08 4.978264495584089152e-21
1.872083567065946188e-08 5.040593060623736335e-21
1.890574150676962562e-08 5.106266307151794922e-21
1.909247365922751020e-08 5.173938131269714821e-21
1.928105016657351418e-08 5.241960444029319472e-21
1.947148924551483885e-08 5.308581827540620570e-21
1.966380929268531498e-08 5.372214990554561846e-21
1.985802888642247130e-08 5.431740827789296904e-21
2.005416678856209292e-08 5.486795927819134433e-21
2.025224194625092149e-08 5.537979111142803829e-21
2.045227349377664671e-08 5.586918454936003679e-21
2.065428075441659210e-08 5.636164012166947631e-21
2.085828324230423487e-08 5.688905074783592793e-21
2.106430066431416853e-08 5.748541459223042141e-21
2.127235292196611054e-08 5.818156000262357553e-21
2.148246011334706490e-08 5.899940034170207511e-21
2.169464253505316505e-08 5.994625597014342311e-21
2.190892068415001248e-08 6.100992883291772564e-21
2.212531526015304645e-08 6.215559533268634373e-21
2.234384716702680635e-08 6.332611713196891064e-21
2.256453751520458587e-08 6.444767961990363684e-21
2.278740762362757881e-08 6.544209865757963366e-21
2.301247902180419476e-08 6.624513062869044183e-21
2.323977345189014052e-08 6.682698033712990103e-21
2.346931287078837349e-08 6.720861517326219206e-21
2.370111945227049577e-08 6.746774977928405148e-21
2.393521558911861588e-08 6.773220130391474345e-21
2.417162389528842278e-08 6.816354819698893647e-21
2.441036720809381948e-08 6.893708336081142275e-21
2.465146859041313287e-08 7.022310374673970903e-21
2.489495133291690961e-08 7.217077923545201124e-21
2.514083895631768197e-08 7.489182052547497039e-21
2.538915521364243151e-08 7.843919959937203036e-21
2.563992409252677448e-08 8.277809109195453138e-21
2.589316981753253001e-08 8.775409275435932997e-21
2.614891685248770819e-08 9.307850118827412072e-21
2.640718990284956985e-08 9.836512073431448861e-21
2.666801391809158194e-08 1.032470706934720521e-20
2.693141409411313035e-08 1.075557012155896272e-20
2.719741587567385615e-08 1.114819466346563296e-20
2.746604495885149050e-08 1.156383670416523316e-20
2.773732729352399530e-08 1.210278496159196525e-20
2.801128908587648628e-08 1.290232113055820145e-20
2.828795680093287217e-08 1.414929073667934981e-20
2.856735716511231600e-08 1.612115345827722712e-20
2.884951716881084254e-08 1.927884232409097180e-20
2.913446406900905836e-08 2.447025461483328204e-20
2.942222539190473679e-08 3.340840109593827182e-20
2.971282893557230286e-08 4.992187097538522356e-20
3.000630277264797079e-08 8.369738601856306615e-20
3.030267525304140081e-08 1.636314062024085070e-19
3.060197500667479198e-08 3.986346872645830924e-19
3.090423094624803777e-08 1.378808271493404325e-18
3.120947227003218120e-08 9.195364418553084404e-18
3.151772846468982276e-08 1.506367579504572379e-16
3.182902930812340106e-08 1.716014212645284841e-16
3.214340487235194833e-08 1.117045492417471715e-17
3.246088552641616857e-08 1.536279780884834595e-18
3.278150193931201706e-08 4.259233225088287488e-19
3.310528508295316501e-08 1.712591678726368510e-19
3.343226623516336183e-08 8.702032141483921158e-20
3.376247698269741118e-08 5.217497953143518498e-20
3.409594922429290500e-08 3.549544141603893365e-20
3.443271517375155066e-08 2.672137649500844544e-20
3.477280736305077963e-08 2.185941529705380450e-20
3.511625864548690140e-08 1.913791968790971715e-20
3.546310219884820142e-08 1.766588556518796913e-20
3.581337152862044467e-08 1.691593538419331126e-20
3.616710047122333557e-08 1.650836993411006093e-20
3.652432319727900639e-08 1.614632749794303517e-20
3.688507421491308333e-08 1.564641548536946375e-20
3.724938837308835007e-08 1.498560117314966104e-20
3.761730086497108837e-08 1.427600983174101542e-20
3.798884723133049256e-08 1.367180037668801797e-20
3.836406336397252791e-08 1.328829343760386386e-20
3.874298550920647910e-08 1.317345750173188017e-20
3.912565027134695505e-08 1.331130018716087242e-20
3.951209461624963599e-08 1.363199980595938545e-20
3.990235587488201370e-08 1.402781827361036793e-20
4.029647174693015703e-08 1.438716897358581942e-20
4.069448030443987495e-08 1.464350094192974598e-20
4.109641999549521516e-08 1.480611005325741819e-20
4.150232964793188967e-08 1.494399916444764154e-20
4.191224847308878371e-08 1.513685541468620507e-20
4.232621606959513928e-08 1.543049229170935245e-20
4.274427242719641768e-08 1.581758373120693073e-20
4.316645793061708742e-08 1.624538903971546001e-20
4.359281336346159474e-08 1.664630314994123821e-20
4.402337991215471455e-08 1.697862575552826748e-20
4.445819916991948183e-08 1.725224538216376248e-20
4.489731314079578730e-08 1.751960862655158049e-20
4.534076424369775123e-08 1.783951635080111027e-20
4.578859531651115266e-08 1.823922997151315556e-20
4.624084962023224418e-08 1.869516798133818563e-20
4.669757084314612572e-08 1.914144540082979194e-20
4.715880310504777446e-08 1.950614514064381337e-20
4.762459096150334180e-08 1.975746392592421510e-20
4.809497940815503958e-08 1.992461036297173764e-20
4.857001388506696824e-08 2.007213557840346432e-20
4.904974028111540780e-08 2.024666566259911096e-20
4.953420493842140739e-08 2.043760713962424915e-20
5.002345465682718234e-08 2.058354725661865633e-20
5.051753669841777456e-08 2.062734057221029337e-20
5.101649879208577268e-08 2.057974330841272781e-20
5.152038913814271820e-08 2.052849286122187948e-20
5.202925641297498757e-08 2.057687393390573980e-20
5.254314977374579773e-08 2.076559754386966314e-20
5.306211886314402362e-08 2.104201026084852821e-20
5.358621381417997958e-08 2.130544283073666361e-20
5.411548525502811183e-08 2.150254650096485362e-20
5.464998431391738292e-08 2.168374684373539915e-20
5.518976262407111494e-08 2.195340084992735893e-20
5.573487232869392247e-08 2.236538177313184624e-20
5.628536608600957996e-08 2.287563804551028930e-20
5.684129707434755390e-08 2.340567004898430691e-20
5.740271899727981424e-08 2.395568705338140052e-20
5.796968608880895750e-08 2.462593332179751304e-20
5.854225311860743648e-08 2.550161353558925815e-20
5.912047539730807503e-08 2.655051181889145650e-20
5.970440878184735709e-08 2.772759391474608494e-20
6.029410968086090742e-08 2.927866136599844480e-20
6.088963506013286482e-08 3.193772610355281288e-20
6.149104244809910154e-08 3.678758363087551559e-20
6.209838994140418291e-08 4.459312781102508916e-20
6.271173621051376795e-08 5.359514347282699322e-20
6.333114050538192152e-08 5.739391261822464925e-20
6.395666266117495271e-08 5.270532442643047574e-20
6.458836310405179268e-08 4.527310832060081812e-20
6.522630285700104425e-08 3.980932030425279796e-20
6.587054354573553713e-08 3.672714906747419033e-20
6.652114740464576518e-08 3.493044595633009258e-20
6.717817728281199389e-08 3.353537598025162801e-20
6.784169665007523673e-08 3.244813944544380161e-20
6.851176960316872808e-08 3.201347778349052387e-20
6.918846087190936353e-08 3.235937029897444540e-20
6.987183582545090735e-08 3.315816775462208935e-20
7.056196047859903343e-08 3.389880567375417139e-20
7.125890149818804075e-08 3.437385001633485722e-20
7.196272620952117574e-08 3.477369235928919847e-20
7.267350260287393951e-08 3.527999122703928824e-20
7.339129934006228570e-08 3.580997542222378929e-20
7.411618576107574878e-08 3.625618903828036644e-20
7.484823189077546288e-08 3.679765002812836214e-20
7.558750844565836844e-08 3.771152102295750742e-20
7.633408684068875793e-08 3.888149809055853882e-20
7.708803919619737238e-08 3.975332954524419615e-20
7.784943834484786362e-08 4.003793797916394543e-20
7.861835783867281902e-08 4.016991795594766854e-20
7.939487195617848854e-08 4.063935288156233488e-20
8.017905570952049057e-08 4.128616713884597358e-20
8.097098485175039049e-08 4.165396284247998809e-20
8.177073588413323158e-08 4.177023179755751838e-20
8.257838606353712984e-08 4.199853042301408257e-20
8.339401340989754009e-08 4.240320039166082637e-20
8.421769671375275225e-08 4.288122910566094918e-20
8.504951554385629550e-08 4.353370286557757431e-20
8.588955025486288883e-08 4.430386383128507164e-20
8.673788199509043919e-08 4.474668348566357863e-20
8.759459271435941081e-08 4.479698726219508914e-20
8.845976517190960543e-08 4.508185159951869589e-20
8.933348294439430043e-08 4.604224895177952972e-20
9.021583043395419334e-08 4.750246638026485452e-20
9.110689287637019987e-08 4.900678287077746827e-20
9.200675634929768613e-08 5.005713978702631555e-20
9.291550778058202936e-08 5.060419935756299858e-20
9.383323495665565253e-08 5.130883430898940218e-20
9.476002653101759182e-08 5.225280861989701105e-20
9.569597203279901137e-08 5.262903317910083325e-20
9.664116187541013915e-08 5.289488680804667806e-20
9.759568736527578391e-08 5.431533322354365310e-20
9.855964071065495986e-08 5.607961242351774427e-20
9.953311503054800722e-08 5.671709540014945258e-20
1.005162043636923071e-07 5.734905679049432827e-20
1.015090036776469614e-07 5.907140794917435535e-20
1.025116088779661992e-07 6.068932891728818457e-20
1.035241168174643158e-07 6.131630115836614316e-20
1.045466253055712048e-07 6.153424416718736580e-20
1.055792331177811954e-07 6.202509798434530569e-20
1.066220400051953953e-07 6.313855804205826375e-20
1.076751467041572858e-07 6.443091756299475629e-20
1.087386549459835155e-07 6.531624705010242049e-20
1.098126674667917460e-07 6.614151861298854466e-20
1.108972880174254822e-07 6.749109250374379770e-20
1.119926213734758886e-07 6.939526753268307519e-20
1.130987733454036738e-07 7.093859405061042784e-20
1.142158507887597741e-07 7.194079151593796731e-20
1.153439616145082629e-07 7.342043572058505028e-20
1.164832147994510371e-07 7.449892462991937177e-20
1.176337203967545171e-07 7.497162474848038219e-20
1.187955895465812736e-07 7.647153807654894895e-20
1.199689344868256543e-07 7.790642806917313535e-20
1.211538685639565464e-07 7.843231988815433516e-20
1.223505062439672366e-07 7.909034781116227289e-20
1.235589631234324994e-07 8.009414056255701246e-20
1.247793559406749004e-07 8.219593020127707865e-20
1.260118025870422193e-07 8.511481973899063040e-20
1.272564221182965754e-07 8.730409984753647493e-20
1.285133347661144088e-07 8.881413957477605797e-20
1.297826619497017108e-07 9.005072359884592235e-20
1.310645262875222540e-07 9.144218458233796217e-20
1.323590516091434005e-07 9.348615166336872379e-20
1.336663629671985371e-07 9.386812595812750240e-20
1.349865866494666383e-07 9.482362897496575559e-20
1.363198501910723465e-07 9.790510443687666802e-20
1.376662823868050869e-07 9.840112420808934565e-20
1.390260133035613992e-07 1.005437637266740022e-19
1.403991742929101156e-07 1.016373030262528134e-19
1.417858980037805699e-07 1.024550928745296877e-19
1.431863183952759034e-07 1.057025457204005473e-19
1.446005707496144050e-07 1.060782566015909563e-19
1.460287916851984351e-07 1.074194597212545956e-19
1.474711191698110666e-07 1.083163564740548551e-19
1.489276925339444663e-07 1.107745788402961666e-19
1.503986524842585865e-07 1.129797939509136854e-19
1.518841411171740850e-07 1.140986919238643071e-19
1.533843019325996851e-07 1.168967187944360365e-19
1.548992798477937905e-07 1.214211861923062730e-19
1.564292212113627105e-07 1.240971562236564753e-19
1.579742738174003400e-07 1.277896711160386197e-19
1.595345869197627026e-07 1.295961265922587367e-19
1.611103112464881572e-07 1.306491186832336863e-19
1.627015990143572064e-07 1.307973282330890518e-19
1.643086039435958497e-07 1.348763068605191737e-19
1.659314812727260039e-07 1.503676661642588893e-19
1.675703877735622742e-07 1.654982147711238359e-19
1.692254817663553414e-07 2.181487376429904767e-19
1.708969231350865980e-07 2.326859779198385560e-19
1.725848733429119407e-07 2.108119855218560773e-19
1.742894954477601998e-07 1.669057257454159522e-19
1.760109541180852260e-07 1.596574727016241359e-19
1.777494156487724540e-07 1.513370923735873755e-19
1.795050479772021417e-07 1.557760118600432273e-19
1.812780206994746828e-07 1.583137848715611541e-19
1.830685050867911125e-07 1.612511012244080664e-19
1.848766741020003729e-07 1.610780812587421628e-19
1.867027024163068785e-07 1.618315751570071107e-19
1.885467664261431218e-07 1.624124058836715463e-19
1.904090442702103877e-07 1.670036207380765429e-19
1.922897158466881603e-07 1.677406578400467462e-19
1.941889628306111361e-07 1.693741981529835951e-19
1.961069686914201439e-07 1.745477294450925107e-19
1.980439187106842440e-07 1.835670713196442029e-19
2.000000000000000174e-07 1.846368637108740604e-19
