 0.10000000E+01  0.34959517E-16
 0.10030759E+01  0.35445436E-16
 0.10061612E+01  0.35797734E-16
 0.10092560E+01  0.36140150E-16
 0.10123603E+01  0.36504608E-16
 0.10154742E+01  0.36716429E-16
 0.10185976E+01  0.36871157E-16
 0.10217307E+01  0.36883647E-16
 0.10248734E+01  0.36834732E-16
 0.10280258E+01  0.36800783E-16
 0.10311878E+01  0.36587344E-16
 0.10343596E+01  0.36084997E-16
 0.10375412E+01  0.35636020E-16
 0.10407325E+01  0.35188827E-16
 0.10439336E+01  0.34696020E-16
 0.10471446E+01  0.34371785E-16
 0.10503655E+01  0.33888855E-16
 0.10535963E+01  0.33157318E-16
 0.10568370E+01  0.32470018E-16
 0.10600877E+01  0.31712648E-16
 0.10633483E+01  0.30879570E-16
 0.10666191E+01  0.30202054E-16
 0.10698998E+01  0.29505079E-16
 0.10731907E+01  0.29116973E-16
 0.10764917E+01  0.35732200E-16
 0.10798028E+01  0.27594654E-16
 0.10831241E+01  0.26421757E-16
 0.10864557E+01  0.25757760E-16
 0.10897974E+01  0.24920429E-16
 0.10931495E+01  0.23891651E-16
 0.10965119E+01  0.23319724E-16
 0.10998846E+01  0.22203914E-16
 0.11032677E+01  0.21031537E-16
 0.11066612E+01  0.19886615E-16
 0.11100651E+01  0.18799226E-16
 0.11134795E+01  0.17725624E-16
 0.11169044E+01  0.16691904E-16
 0.11203398E+01  0.15665607E-16
 0.11237859E+01  0.14372542E-16
 0.11272425E+01  0.13175144E-16
 0.11307097E+01  0.12139412E-16
 0.11341876E+01  0.10931107E-16
 0.11376762E+01  0.99312304E-17
 0.11411755E+01  0.90383744E-17
 0.11446856E+01  0.80685165E-17
 0.11482065E+01  0.72896834E-17
 0.11517382E+01  0.65944124E-17
 0.11552808E+01  0.58741204E-17
 0.11588343E+01  0.53036304E-17
 0.11623987E+01  0.48143846E-17
 0.11659741E+01  0.43196346E-17
 0.11695605E+01  0.39234913E-17
 0.11731579E+01  0.35696483E-17
 0.11767663E+01  0.32172091E-17
 0.11803859E+01  0.29315338E-17
 0.11840166E+01  0.26752029E-17
 0.11876585E+01  0.24222586E-17
 0.11913115E+01  0.22146083E-17
 0.11949758E+01  0.20274262E-17
 0.11986514E+01  0.18438523E-17
 0.12023383E+01  0.16913211E-17
 0.12060365E+01  0.15532222E-17
 0.12097461E+01  0.14183668E-17
 0.12134671E+01  0.13089387E-17
 0.12171996E+01  0.12198492E-17
 0.12209435E+01  0.11319141E-17
 0.12246989E+01  0.10580208E-17
 0.12284659E+01  0.99047361E-18
 0.12322445E+01  0.92388876E-18
 0.12360347E+01  0.86756851E-18
 0.12398366E+01  0.81595930E-18
 0.12436502E+01  0.76513500E-18
 0.12474755E+01  0.72199171E-18
 0.12513125E+01  0.68241746E-18
 0.12551614E+01  0.64347148E-18
 0.12590221E+01  0.61044352E-18
 0.12628946E+01  0.58018524E-18
 0.12667791E+01  0.55041719E-18
 0.12706756E+01  0.52684611E-18
 0.12745840E+01  0.50974980E-18
 0.12785044E+01  0.49268484E-18
 0.12824369E+01  0.47950831E-18
 0.12863815E+01  0.46803701E-18
 0.12903382E+01  0.45658828E-18
 0.12943071E+01  0.44913141E-18
 0.12982882E+01  0.44343206E-18
 0.13022816E+01  0.43774174E-18
 0.13062872E+01  0.43703514E-18
 0.13103052E+01  0.43852212E-18
 0.13143355E+01  0.43998774E-18
 0.13183782E+01  0.44960421E-18
 0.13224333E+01  0.46278991E-18
 0.13265010E+01  0.47586167E-18
 0.13305811E+01  0.50792200E-18
 0.13346738E+01  0.54749336E-18
 0.13387790E+01  0.58627033E-18
 0.13428969E+01  0.71210995E-18
 0.13470275E+01  0.86877495E-18
 0.13511708E+01  0.10128808E-17
 0.13553268E+01  0.12918467E-17
 0.13594956E+01  0.15597598E-17
 0.13636772E+01  0.17469222E-17
 0.13678716E+01  0.15978278E-17
 0.13720790E+01  0.12049089E-17
 0.13762993E+01  0.64483565E-18
 0.13805326E+01  0.37866560E-18
 0.13847790E+01  0.30065822E-18
 0.13890384E+01  0.22220477E-18
 0.13933108E+01  0.17737594E-18
 0.13975965E+01  0.14873489E-18
 0.14018953E+01  0.12018016E-18
 0.14062073E+01  0.10146466E-18
 0.14105326E+01  0.87480478E-19
 0.14148712E+01  0.73563127E-19
 0.14192231E+01  0.63730086E-19
 0.14235885E+01  0.55881635E-19
 0.14279672E+01  0.48075377E-19
 0.14323594E+01  0.42294925E-19
 0.14367652E+01  0.37510040E-19
 0.14411845E+01  0.32752428E-19
 0.14456173E+01  0.29114741E-19
 0.14500639E+01  0.26033701E-19
 0.14545241E+01  0.22970980E-19
 0.14589980E+01  0.20564403E-19
 0.14634856E+01  0.18470933E-19
 0.14679871E+01  0.16396948E-19
 0.14725024E+01  0.14744365E-19
 0.14770316E+01  0.13307572E-19
 0.14815748E+01  0.11884645E-19
 0.14861319E+01  0.10734948E-19
 0.14907030E+01  0.97268340E-20
 0.14952882E+01  0.87288190E-20
 0.14998875E+01  0.79133097E-20
 0.15045009E+01  0.71934854E-20
 0.15091286E+01  0.64811642E-20
 0.15137704E+01  0.58936559E-20
 0.15184266E+01  0.53723522E-20
 0.15230970E+01  0.48567215E-20
 0.15277819E+01  0.44274260E-20
 0.15324811E+01  0.40434712E-20
 0.15371948E+01  0.36642325E-20
 0.15419230E+01  0.33468604E-20
 0.15466657E+01  0.30631756E-20
 0.15514231E+01  0.27831688E-20
 0.15561950E+01  0.25474971E-20
 0.15609817E+01  0.23362636E-20
 0.15657830E+01  0.21279455E-20
 0.15705991E+01  0.19517487E-20
 0.15754301E+01  0.17934835E-20
 0.15802759E+01  0.16375691E-20
 0.15851366E+01  0.15051428E-20
 0.15900122E+01  0.13860039E-20
 0.15949029E+01  0.12687961E-20
 0.15998086E+01  0.11696510E-20
 0.16047294E+01  0.10819537E-20
 0.16096653E+01  0.99549849E-21
 0.16146164E+01  0.92158867E-21
 0.16195827E+01  0.85489370E-21
 0.16245643E+01  0.78927666E-21
 0.16295613E+01  0.73304959E-21
 0.16345736E+01  0.68230780E-21
 0.16396013E+01  0.63251720E-21
 0.16446445E+01  0.58977568E-21
 0.16497031E+01  0.55122186E-21
 0.16547774E+01  0.51351562E-21
 0.16598673E+01  0.48110387E-21
 0.16649728E+01  0.45189365E-21
 0.16700940E+01  0.42343841E-21
 0.16752310E+01  0.39931266E-21
 0.16803837E+01  0.37851087E-21
 0.16855524E+01  0.35813820E-21
 0.16907369E+01  0.34053261E-21
 0.16959373E+01  0.32460976E-21
 0.17011538E+01  0.30907146E-21
 0.17063863E+01  0.29559880E-21
 0.17116349E+01  0.28340186E-21
 0.17168997E+01  0.27153796E-21
 0.17221806E+01  0.26120006E-21
 0.17274778E+01  0.25181833E-21
 0.17327913E+01  0.24271518E-21
 0.17381211E+01  0.23472645E-21
 0.17434673E+01  0.22744561E-21
 0.17488300E+01  0.22039064E-21
 0.17542091E+01  0.21411500E-21
 0.17596048E+01  0.20829931E-21
 0.17650171E+01  0.20268125E-21
 0.17704460E+01  0.19765370E-21
 0.17758917E+01  0.19301478E-21
 0.17813541E+01  0.18852812E-21
 0.17868333E+01  0.18445885E-21
 0.17923293E+01  0.18066860E-21
 0.17978423E+01  0.17699482E-21
 0.18033722E+01  0.17361548E-21
 0.18089191E+01  0.17043662E-21
 0.18144831E+01  0.16734705E-21
 0.18200642E+01  0.16446588E-21
 0.18256624E+01  0.16172969E-21
 0.18312779E+01  0.15906272E-21
 0.18369106E+01  0.15657619E-21
 0.18425607E+01  0.15425895E-21
 0.18482282E+01  0.15197469E-21
 0.18539131E+01  0.14978210E-21
 0.18596154E+01  0.14765519E-21
 0.18653353E+01  0.14555790E-21
 0.18710728E+01  0.14353243E-21
 0.18768280E+01  0.14156020E-21
 0.18826009E+01  0.13961488E-21
 0.18883915E+01  0.13772689E-21
 0.18941999E+01  0.13588290E-21
 0.19000262E+01  0.13406365E-21
 0.19058704E+01  0.13229106E-21
 0.19117326E+01  0.13055556E-21
 0.19176128E+01  0.12884302E-21
 0.19235111E+01  0.12717024E-21
 0.19294276E+01  0.12553114E-21
 0.19353622E+01  0.12391291E-21
 0.19413151E+01  0.12232714E-21
 0.19472863E+01  0.12076890E-21
 0.19532759E+01  0.11923044E-21
 0.19592839E+01  0.11772022E-21
 0.19653104E+01  0.11623463E-21
 0.19713554E+01  0.11476785E-21
 0.19774190E+01  0.11332604E-21
 0.19835012E+01  0.11190655E-21
 0.19896022E+01  0.11050500E-21
 0.19957219E+01  0.10912587E-21
 0.20018605E+01  0.10776721E-21
 0.20080179E+01  0.10642567E-21
 0.20141943E+01  0.10510267E-21
 0.20203897E+01  0.10379539E-21
 0.20266041E+01  0.10250560E-21
 0.20328377E+01  0.10123540E-21
 0.20390904E+01  0.99983559E-22
 0.20453623E+01  0.98748173E-22
 0.20516536E+01  0.97530618E-22
 0.20579642E+01  0.96330026E-22
 0.20642942E+01  0.95145009E-22
 0.20706437E+01  0.93976450E-22
 0.20770127E+01  0.92823725E-22
 0.20834013E+01  0.91685804E-22
 0.20898095E+01  0.90563237E-22
 0.20962375E+01  0.89455568E-22
 0.21026852E+01  0.88362017E-22
 0.21091528E+01  0.87282835E-22
 0.21156402E+01  0.86217612E-22
 0.21221476E+01  0.85165935E-22
 0.21286750E+01  0.84127960E-22
 0.21352226E+01  0.83103418E-22
 0.21417902E+01  0.82091833E-22
 0.21483780E+01  0.81093257E-22
 0.21549861E+01  0.80107479E-22
 0.21616146E+01  0.79134117E-22
 0.21682634E+01  0.78173153E-22
 0.21749327E+01  0.77224417E-22
 0.21816224E+01  0.76287592E-22
 0.21883328E+01  0.75362614E-22
 0.21950638E+01  0.74449344E-22
 0.22018155E+01  0.73547511E-22
 0.22085880E+01  0.72657039E-22
 0.22153813E+01  0.71777819E-22
 0.22221955E+01  0.70909578E-22
 0.22290306E+01  0.70052209E-22
 0.22358868E+01  0.69205607E-22
 0.22427641E+01  0.68369561E-22
 0.22496625E+01  0.67543955E-22
 0.22565822E+01  0.66728695E-22
 0.22635231E+01  0.65923587E-22
 0.22704854E+01  0.65128511E-22
 0.22774691E+01  0.64343380E-22
 0.22844742E+01  0.63568015E-22
 0.22915009E+01  0.62802295E-22
 0.22985493E+01  0.62046137E-22
 0.23056193E+01  0.61299377E-22
 0.23127110E+01  0.60561906E-22
 0.23198246E+01  0.59833665E-22
 0.23269601E+01  0.59114456E-22
 0.23341175E+01  0.58404162E-22
 0.23412969E+01  0.57702710E-22
 0.23484984E+01  0.57009954E-22
 0.23557220E+01  0.56325778E-22
 0.23629679E+01  0.55650112E-22
 0.23702360E+01  0.54982816E-22
 0.23775265E+01  0.54323777E-22
 0.23848395E+01  0.53672930E-22
 0.23921749E+01  0.53030140E-22
 0.23995329E+01  0.52395298E-22
 0.24069135E+01  0.51768339E-22
 0.24143168E+01  0.51149137E-22
 0.24217429E+01  0.50537580E-22
 0.24291919E+01  0.49933602E-22
 0.24366637E+01  0.49337094E-22
 0.24441586E+01  0.48747951E-22
 0.24516764E+01  0.48166115E-22
 0.24592175E+01  0.47591468E-22
 0.24667817E+01  0.47023911E-22
 0.24743691E+01  0.46463386E-22
 0.24819799E+01  0.45909782E-22
 0.24896142E+01  0.45363002E-22
 0.24972719E+01  0.44822991E-22
 0.25049531E+01  0.44289643E-22
 0.25126580E+01  0.43762863E-22
 0.25203866E+01  0.43242599E-22
 0.25281389E+01  0.42728749E-22
 0.25359151E+01  0.42221221E-22
 0.25437152E+01  0.41719965E-22
 0.25515393E+01  0.41224885E-22
 0.25593875E+01  0.40735892E-22
 0.25672598E+01  0.40252937E-22
 0.25751563E+01  0.39775928E-22
 0.25830772E+01  0.39304778E-22
 0.25910223E+01  0.38839442E-22
 0.25989920E+01  0.38379830E-22
 0.26069861E+01  0.37925859E-22
 0.26150048E+01  0.37477485E-22
 0.26230482E+01  0.37034622E-22
 0.26311163E+01  0.36597190E-22
 0.26392092E+01  0.36165146E-22
 0.26473271E+01  0.35738408E-22
 0.26554699E+01  0.35316900E-22
 0.26636377E+01  0.34900580E-22
 0.26718307E+01  0.34489367E-22
 0.26800489E+01  0.34083190E-22
 0.26882923E+01  0.33682007E-22
 0.26965611E+01  0.33285743E-22
 0.27048554E+01  0.32894326E-22
 0.27131751E+01  0.32507719E-22
 0.27215205E+01  0.32125847E-22
 0.27298915E+01  0.31748643E-22
 0.27382882E+01  0.31376068E-22
 0.27467108E+01  0.31008054E-22
 0.27551593E+01  0.30644535E-22
 0.27636338E+01  0.30285473E-22
 0.27721343E+01  0.29930802E-22
 0.27806610E+01  0.29580459E-22
 0.27892139E+01  0.29234408E-22
 0.27977932E+01  0.28892586E-22
 0.28063988E+01  0.28554930E-22
 0.28150309E+01  0.28221407E-22
 0.28236895E+01  0.27891956E-22
 0.28323748E+01  0.27566517E-22
 0.28410868E+01  0.27245058E-22
 0.28498255E+01  0.26927519E-22
 0.28585912E+01  0.26613844E-22
 0.28673838E+01  0.26304001E-22
 0.28762035E+01  0.25997933E-22
 0.28850503E+01  0.25695586E-22
 0.28939243E+01  0.25396929E-22
 0.29028256E+01  0.25101907E-22
 0.29117543E+01  0.24810467E-22
 0.29207104E+01  0.24522581E-22
 0.29296941E+01  0.24238196E-22
 0.29387054E+01  0.23957261E-22
 0.29477444E+01  0.23679747E-22
 0.29568113E+01  0.23405604E-22
 0.29659060E+01  0.23134784E-22
 0.29750287E+01  0.22867259E-22
 0.29841795E+01  0.22602980E-22
 0.29933584E+01  0.22341900E-22
 0.30025656E+01  0.22083993E-22
 0.30118010E+01  0.21829213E-22
 0.30210649E+01  0.21577514E-22
 0.30303573E+01  0.21328870E-22
 0.30396782E+01  0.21083237E-22
 0.30490278E+01  0.20840571E-22
 0.30584062E+01  0.20600847E-22
 0.30678134E+01  0.20364023E-22
 0.30772496E+01  0.20130056E-22
 0.30867148E+01  0.19898923E-22
 0.30962091E+01  0.19670582E-22
 0.31057326E+01  0.19444993E-22
 0.31152853E+01  0.19222132E-22
 0.31248675E+01  0.19001961E-22
 0.31344792E+01  0.18784440E-22
 0.31441204E+01  0.18569547E-22
 0.31537913E+01  0.18357244E-22
 0.31634919E+01  0.18147494E-22
 0.31732223E+01  0.17940274E-22
 0.31829827E+01  0.17735549E-22
 0.31927731E+01  0.17533281E-22
 0.32025936E+01  0.17333451E-22
 0.32124443E+01  0.17136024E-22
 0.32223254E+01  0.16940963E-22
 0.32322368E+01  0.16748250E-22
 0.32421787E+01  0.16557851E-22
 0.32521512E+01  0.16369732E-22
 0.32621543E+01  0.16183874E-22
 0.32721882E+01  0.16000244E-22
 0.32822530E+01  0.15818811E-22
 0.32923488E+01  0.15639554E-22
 0.33024756E+01  0.15462444E-22
 0.33126335E+01  0.15287450E-22
 0.33228227E+01  0.15114552E-22
 0.33330432E+01  0.14943721E-22
 0.33432952E+01  0.14774928E-22
 0.33535787E+01  0.14608155E-22
 0.33638938E+01  0.14443373E-22
 0.33742407E+01  0.14280552E-22
 0.33846194E+01  0.14119678E-22
 0.33950300E+01  0.13960721E-22
 0.34054726E+01  0.13803655E-22
 0.34159474E+01  0.13648462E-22
 0.34264543E+01  0.13495116E-22
 0.34369936E+01  0.13343591E-22
 0.34475653E+01  0.13193871E-22
 0.34581695E+01  0.13045931E-22
 0.34688064E+01  0.12899744E-22
 0.34794759E+01  0.12755295E-22
 0.34901783E+01  0.12612561E-22
 0.35009136E+01  0.12471516E-22
 0.35116819E+01  0.12332145E-22
 0.35224834E+01  0.12194426E-22
 0.35333180E+01  0.12058333E-22
 0.35441860E+01  0.11923854E-22
 0.35550874E+01  0.11790966E-22
 0.35660224E+01  0.11659645E-22
 0.35769909E+01  0.11529877E-22
 0.35879932E+01  0.11401643E-22
 0.35990294E+01  0.11274918E-22
 0.36100995E+01  0.11149690E-22
 0.36212037E+01  0.11025938E-22
 0.36323420E+01  0.10903641E-22
 0.36435145E+01  0.10782786E-22
 0.36547215E+01  0.10663353E-22
 0.36659629E+01  0.10545321E-22
 0.36772389E+01  0.10428679E-22
 0.36885495E+01  0.10313407E-22
 0.36998950E+01  0.10199485E-22
 0.37112753E+01  0.10086902E-22
 0.37226907E+01  0.99756383E-23
 0.37341412E+01  0.98656756E-23
 0.37456268E+01  0.97570026E-23
 0.37571479E+01  0.96496015E-23
 0.37687043E+01  0.95434536E-23
 0.37802963E+01  0.94385482E-23
 0.37919240E+01  0.93348684E-23
 0.38035874E+01  0.92323961E-23
 0.38152867E+01  0.91311210E-23
 0.38270220E+01  0.90310268E-23
 0.38387933E+01  0.89320962E-23
 0.38506009E+01  0.88343191E-23
 0.38624448E+01  0.87376800E-23
 0.38743251E+01  0.86421621E-23
 0.38862420E+01  0.85477559E-23
 0.38981955E+01  0.84544462E-23
 0.39101858E+01  0.83622170E-23
 0.39222130E+01  0.82710590E-23
 0.39342772E+01  0.81809578E-23
 0.39463785E+01  0.80918979E-23
 0.39585170E+01  0.80038704E-23
 0.39706928E+01  0.79168613E-23
 0.39829061E+01  0.78308558E-23
 0.39951569E+01  0.77458453E-23
 0.40074455E+01  0.76618163E-23
 0.40197718E+01  0.75787547E-23
 0.40321361E+01  0.74966520E-23
 0.40445383E+01  0.74154955E-23
 0.40569788E+01  0.73352713E-23
 0.40694575E+01  0.72559714E-23
 0.40819745E+01  0.71775835E-23
 0.40945301E+01  0.71000944E-23
 0.41071243E+01  0.70234963E-23
 0.41197572E+01  0.69477774E-23
 0.41324290E+01  0.68729249E-23
 0.41451398E+01  0.67989313E-23
 0.41578896E+01  0.67257853E-23
 0.41706787E+01  0.66534746E-23
 0.41835071E+01  0.65819919E-23
 0.41963750E+01  0.65113265E-23
 0.42092825E+01  0.64414664E-23
 0.42222296E+01  0.63724047E-23
 0.42352166E+01  0.63041310E-23
 0.42482435E+01  0.62366338E-23
 0.42613105E+01  0.61699065E-23
 0.42744177E+01  0.61039389E-23
 0.42875652E+01  0.60387202E-23
 0.43007531E+01  0.59742440E-23
 0.43139816E+01  0.59105004E-23
 0.43272508E+01  0.58474790E-23
 0.43405608E+01  0.57851737E-23
 0.43539118E+01  0.57235750E-23
 0.43673038E+01  0.56626728E-23
 0.43807370E+01  0.56024613E-23
 0.43942115E+01  0.55429313E-23
 0.44077275E+01  0.54840733E-23
 0.44212851E+01  0.54258814E-23
 0.44348843E+01  0.53683470E-23
 0.44485254E+01  0.53114608E-23
 0.44622084E+01  0.52552173E-23
 0.44759335E+01  0.51996081E-23
 0.44897009E+01  0.51446242E-23
 0.45035105E+01  0.50902604E-23
 0.45173627E+01  0.50365087E-23
 0.45312575E+01  0.49833603E-23
 0.45451950E+01  0.49308103E-23
 0.45591753E+01  0.48788509E-23
 0.45731987E+01  0.48274738E-23
 0.45872652E+01  0.47766741E-23
 0.46013750E+01  0.47264445E-23
 0.46155282E+01  0.46767769E-23
 0.46297249E+01  0.46276666E-23
 0.46439653E+01  0.45791065E-23
 0.46582494E+01  0.45310890E-23
 0.46725776E+01  0.44836094E-23
 0.46869497E+01  0.44366611E-23
 0.47013661E+01  0.43902366E-23
 0.47158269E+01  0.43443314E-23
 0.47303321E+01  0.42989392E-23
 0.47448819E+01  0.42540528E-23
 0.47594765E+01  0.42096680E-23
 0.47741160E+01  0.41657786E-23
 0.47888005E+01  0.41223777E-23
 0.48035301E+01  0.40794613E-23
 0.48183051E+01  0.40370234E-23
 0.48331255E+01  0.39950574E-23
 0.48479915E+01  0.39535594E-23
 0.48629033E+01  0.39125239E-23
 0.48778609E+01  0.38719443E-23
 0.48928645E+01  0.38318170E-23
 0.49079142E+01  0.37921366E-23
 0.49230103E+01  0.37528970E-23
 0.49381528E+01  0.37140946E-23
 0.49533418E+01  0.36757241E-23
 0.49685776E+01  0.36377798E-23
 0.49838602E+01  0.36002583E-23
 0.49991899E+01  0.35631545E-23
 0.50145667E+01  0.35264629E-23
 0.50299908E+01  0.34901803E-23
 0.50454623E+01  0.34543017E-23
 0.50609814E+01  0.34188220E-23
 0.50765483E+01  0.33837379E-23
 0.50921630E+01  0.33490450E-23
 0.51078258E+01  0.33147380E-23
 0.51235368E+01  0.32808141E-23
 0.51392960E+01  0.32472688E-23
 0.51551038E+01  0.32140973E-23
 0.51709601E+01  0.31812967E-23
 0.51868653E+01  0.31488629E-23
 0.52028193E+01  0.31167911E-23
 0.52188225E+01  0.30850786E-23
 0.52348748E+01  0.30537215E-23
 0.52509766E+01  0.30227152E-23
 0.52671278E+01  0.29920572E-23
 0.52833288E+01  0.29617437E-23
 0.52995795E+01  0.29317704E-23
 0.53158803E+01  0.29021347E-23
 0.53322312E+01  0.28728331E-23
 0.53486324E+01  0.28438615E-23
 0.53650840E+01  0.28152174E-23
 0.53815862E+01  0.27868976E-23
 0.53981392E+01  0.27588979E-23
 0.54147431E+01  0.27312162E-23
 0.54313981E+01  0.27038493E-23
 0.54481043E+01  0.26767933E-23
 0.54648619E+01  0.26500462E-23
 0.54816711E+01  0.26236048E-23
 0.54985319E+01  0.25974657E-23
 0.55154446E+01  0.25716268E-23
 0.55324093E+01  0.25460852E-23
 0.55494262E+01  0.25208376E-23
 0.55664955E+01  0.24958821E-23
 0.55836172E+01  0.24712160E-23
 0.56007916E+01  0.24468362E-23
 0.56180189E+01  0.24227409E-23
 0.56352991E+01  0.23989277E-23
 0.56526325E+01  0.23753935E-23
 0.56700192E+01  0.23521369E-23
 0.56874594E+01  0.23291556E-23
 0.57049532E+01  0.23064468E-23
 0.57225008E+01  0.22840091E-23
 0.57401024E+01  0.22618404E-23
 0.57577581E+01  0.22399383E-23
 0.57754682E+01  0.22183016E-23
 0.57932327E+01  0.21969283E-23
 0.58110519E+01  0.21758162E-23
 0.58289258E+01  0.21549643E-23
 0.58468548E+01  0.21343709E-23
 0.58648389E+01  0.21140340E-23
 0.58828783E+01  0.20939528E-23
 0.59009732E+01  0.20741258E-23
 0.59191237E+01  0.20545513E-23
 0.59373301E+01  0.20352285E-23
 0.59555925E+01  0.20161564E-23
 0.59739111E+01  0.19973332E-23
 0.59922860E+01  0.19787587E-23
 0.60107174E+01  0.19604317E-23
 0.60292055E+01  0.19423510E-23
 0.60477505E+01  0.19245163E-23
 0.60663525E+01  0.19069268E-23
 0.60850117E+01  0.18895813E-23
 0.61037284E+01  0.18724798E-23
 0.61225026E+01  0.18556216E-23
 0.61413345E+01  0.18390059E-23
 0.61602244E+01  0.18226326E-23
 0.61791724E+01  0.18065013E-23
 0.61981786E+01  0.17906112E-23
 0.62172433E+01  0.17749624E-23
 0.62363667E+01  0.17595546E-23
 0.62555489E+01  0.17443871E-23
 0.62747901E+01  0.17294602E-23
 0.62940904E+01  0.17147734E-23
 0.63134501E+01  0.17003263E-23
 0.63328694E+01  0.16861190E-23
 0.63523484E+01  0.16721512E-23
 0.63718874E+01  0.16584222E-23
 0.63914864E+01  0.16449324E-23
 0.64111457E+01  0.16316812E-23
 0.64308655E+01  0.16186679E-23
 0.64506459E+01  0.16058927E-23
 0.64704871E+01  0.15933549E-23
 0.64903894E+01  0.15810538E-23
 0.65103530E+01  0.15689891E-23
 0.65303779E+01  0.15571602E-23
 0.65504644E+01  0.15455660E-23
 0.65706127E+01  0.15342059E-23
 0.65908230E+01  0.15230791E-23
 0.66110954E+01  0.15121842E-23
 0.66314302E+01  0.15015203E-23
 0.66518275E+01  0.14910862E-23
 0.66722876E+01  0.14808801E-23
 0.66928106E+01  0.14709010E-23
 0.67133968E+01  0.14611471E-23
 0.67340462E+01  0.14516163E-23
 0.67547592E+01  0.14423071E-23
 0.67755359E+01  0.14332174E-23
 0.67963764E+01  0.14243449E-23
 0.68172811E+01  0.14156874E-23
 0.68382501E+01  0.14072426E-23
 0.68592836E+01  0.13990076E-23
 0.68803818E+01  0.13909801E-23
 0.69015449E+01  0.13831574E-23
 0.69227730E+01  0.13755362E-23
 0.69440665E+01  0.13681139E-23
 0.69654255E+01  0.13608873E-23
 0.69868501E+01  0.13538532E-23
 0.70083407E+01  0.13470084E-23
 0.70298973E+01  0.13403497E-23
 0.70515203E+01  0.13338735E-23
 0.70732098E+01  0.13275766E-23
 0.70949660E+01  0.13214554E-23
 0.71167891E+01  0.13155063E-23
 0.71386793E+01  0.13097260E-23
 0.71606369E+01  0.13041109E-23
 0.71826620E+01  0.12986573E-23
 0.72047548E+01  0.12933617E-23
 0.72269156E+01  0.12882206E-23
 0.72491446E+01  0.12832303E-23
 0.72714419E+01  0.12783875E-23
 0.72938079E+01  0.12736887E-23
 0.73162426E+01  0.12691301E-23
 0.73387463E+01  0.12647087E-23
 0.73613192E+01  0.12604210E-23
 0.73839616E+01  0.12562636E-23
 0.74066736E+01  0.12522333E-23
 0.74294555E+01  0.12483270E-23
 0.74523074E+01  0.12445414E-23
 0.74752297E+01  0.12408736E-23
 0.74982224E+01  0.12373205E-23
 0.75212859E+01  0.12338792E-23
 0.75444203E+01  0.12305468E-23
 0.75676259E+01  0.12273207E-23
 0.75909028E+01  0.12241981E-23
 0.76142514E+01  0.12211763E-23
 0.76376717E+01  0.12182529E-23
 0.76611641E+01  0.12154252E-23
 0.76847288E+01  0.12126910E-23
 0.77083659E+01  0.12100480E-23
 0.77320757E+01  0.12074937E-23
 0.77558585E+01  0.12050261E-23
 0.77797144E+01  0.12026430E-23
 0.78036437E+01  0.12003422E-23
 0.78276466E+01  0.11981218E-23
 0.78517233E+01  0.11959797E-23
 0.78758741E+01  0.11939140E-23
 0.79000992E+01  0.11919227E-23
 0.79243988E+01  0.11900040E-23
 0.79487731E+01  0.11881557E-23
 0.79732224E+01  0.11863762E-23
 0.79977469E+01  0.11846634E-23
 0.80223468E+01  0.11830153E-23
 0.80470224E+01  0.11814300E-23
 0.80717739E+01  0.11799056E-23
 0.80966016E+01  0.11784399E-23
 0.81215056E+01  0.11770310E-23
 0.81464861E+01  0.11756769E-23
 0.81715436E+01  0.11743755E-23
 0.81966781E+01  0.11731251E-23
 0.82218899E+01  0.11719238E-23
 0.82471793E+01  0.11707700E-23
 0.82725464E+01  0.11696621E-23
 0.82979916E+01  0.11685989E-23
 0.83235150E+01  0.11675792E-23
 0.83491170E+01  0.11666020E-23
 0.83747977E+01  0.11656666E-23
 0.84005574E+01  0.11647721E-23
 0.84263963E+01  0.11639181E-23
 0.84523147E+01  0.11631042E-23
 0.84783128E+01  0.11623297E-23
 0.85043909E+01  0.11615942E-23
 0.85305492E+01  0.11608972E-23
 0.85567880E+01  0.11602383E-23
 0.85831074E+01  0.11596167E-23
 0.86095078E+01  0.11590321E-23
 0.86359895E+01  0.11584836E-23
 0.86625525E+01  0.11579705E-23
 0.86891973E+01  0.11574923E-23
 0.87159241E+01  0.11570480E-23
 0.87427330E+01  0.11566368E-23
 0.87696244E+01  0.11562580E-23
 0.87965985E+01  0.11559107E-23
 0.88236556E+01  0.11555941E-23
 0.88507959E+01  0.11553074E-23
 0.88780197E+01  0.11550496E-23
 0.89053272E+01  0.11548200E-23
 0.89327188E+01  0.11546177E-23
 0.89601945E+01  0.11544419E-23
 0.89877548E+01  0.11542918E-23
 0.90153999E+01  0.11541665E-23
 0.90431300E+01  0.11540653E-23
 0.90709454E+01  0.11539874E-23
 0.90988463E+01  0.11539319E-23
 0.91268331E+01  0.11538982E-23
 0.91549059E+01  0.11538855E-23
 0.91830651E+01  0.11538930E-23
 0.92113109E+01  0.11539201E-23
 0.92396436E+01  0.11539659E-23
 0.92680634E+01  0.11540299E-23
 0.92965707E+01  0.11541112E-23
 0.93251656E+01  0.11542093E-23
 0.93538485E+01  0.11543234E-23
 0.93826196E+01  0.11544530E-23
 0.94114792E+01  0.11545973E-23
 0.94404276E+01  0.11547557E-23
 0.94694650E+01  0.11549276E-23
 0.94985917E+01  0.11551124E-23
 0.95278080E+01  0.11553094E-23
 0.95571142E+01  0.11555181E-23
 0.95865105E+01  0.11557380E-23
 0.96159973E+01  0.11559683E-23
 0.96455747E+01  0.11562086E-23
 0.96752431E+01  0.11564582E-23
 0.97050028E+01  0.11567167E-23
 0.97348540E+01  0.11569835E-23
 0.97647970E+01  0.11572581E-23
 0.97948322E+01  0.11575399E-23
 0.98249597E+01  0.11578285E-23
 0.98551799E+01  0.11581232E-23
 0.98854930E+01  0.11584237E-23
 0.99158994E+01  0.11587295E-23
 0.99463993E+01  0.11590400E-23
 0.99769930E+01  0.11593548E-23
 0.10007681E+02  0.11596734E-23
 0.10038463E+02  0.11599953E-23
 0.10069340E+02  0.11603202E-23
 0.10100312E+02  0.11606476E-23
 0.10131379E+02  0.11609770E-23
 0.10162542E+02  0.11613080E-23
 0.10193800E+02  0.11616401E-23
 0.10225155E+02  0.11619731E-23
 0.10256606E+02  0.11623064E-23
 0.10288154E+02  0.11626397E-23
 0.10319799E+02  0.11629726E-23
 0.10351541E+02  0.11633047E-23
 0.10383381E+02  0.11636355E-23
 0.10415319E+02  0.11639648E-23
 0.10447355E+02  0.11642922E-23
 0.10479489E+02  0.11646172E-23
 0.10511723E+02  0.11649397E-23
 0.10544055E+02  0.11652591E-23
 0.10576487E+02  0.11655752E-23
 0.10609019E+02  0.11658877E-23
 0.10641651E+02  0.11661961E-23
 0.10674383E+02  0.11665002E-23
 0.10707216E+02  0.11667997E-23
 0.10740150E+02  0.11670942E-23
 0.10773185E+02  0.11673834E-23
 0.10806322E+02  0.11676671E-23
 0.10839560E+02  0.11679449E-23
 0.10872901E+02  0.11682166E-23
 0.10906345E+02  0.11684818E-23
 0.10939891E+02  0.11687403E-23
 0.10973541E+02  0.11689918E-23
 0.11007294E+02  0.11692361E-23
 0.11041151E+02  0.11694728E-23
 0.11075112E+02  0.11697017E-23
 0.11109177E+02  0.11699226E-23
 0.11143347E+02  0.11701352E-23
 0.11177623E+02  0.11703392E-23
 0.11212004E+02  0.11705345E-23
 0.11246490E+02  0.11707207E-23
 0.11281083E+02  0.11708977E-23
 0.11315782E+02  0.11710652E-23
 0.11350587E+02  0.11712230E-23
 0.11385500E+02  0.11713709E-23
 0.11420520E+02  0.11715086E-23
 0.11455648E+02  0.11716359E-23
 0.11490884E+02  0.11717527E-23
 0.11526229E+02  0.11718587E-23
 0.11561682E+02  0.11719538E-23
 0.11597244E+02  0.11720377E-23
 0.11632915E+02  0.11721103E-23
 0.11668696E+02  0.11721713E-23
 0.11704588E+02  0.11722206E-23
 0.11740589E+02  0.11722579E-23
 0.11776702E+02  0.11722832E-23
 0.11812925E+02  0.11722963E-23
 0.11849260E+02  0.11722969E-23
 0.11885707E+02  0.11722849E-23
 0.11922265E+02  0.11722602E-23
 0.11958937E+02  0.11722226E-23
 0.11995721E+02  0.11721719E-23
 0.12032618E+02  0.11721080E-23
 0.12069628E+02  0.11720307E-23
 0.12106753E+02  0.11719400E-23
 0.12143991E+02  0.11718355E-23
 0.12181345E+02  0.11717173E-23
 0.12218813E+02  0.11715852E-23
 0.12256396E+02  0.11714390E-23
 0.12294095E+02  0.11712787E-23
 0.12331910E+02  0.11711041E-23
 0.12369841E+02  0.11709150E-23
 0.12407889E+02  0.11707114E-23
 0.12446054E+02  0.11704932E-23
 0.12484336E+02  0.11702601E-23
 0.12522736E+02  0.11700123E-23
 0.12561254E+02  0.11697495E-23
 0.12599891E+02  0.11694716E-23
 0.12638646E+02  0.11691785E-23
 0.12677521E+02  0.11688703E-23
 0.12716515E+02  0.11685467E-23
 0.12755630E+02  0.11682077E-23
 0.12794864E+02  0.11678533E-23
 0.12834219E+02  0.11674832E-23
 0.12873696E+02  0.11670976E-23
 0.12913293E+02  0.11666964E-23
 0.12953013E+02  0.11662793E-23
 0.12992854E+02  0.11658465E-23
 0.13032818E+02  0.11653981E-23
 0.13072906E+02  0.11649336E-23
 0.13113116E+02  0.11644534E-23
 0.13153450E+02  0.11639575E-23
 0.13193908E+02  0.11634453E-23
 0.13234491E+02  0.11629176E-23
 0.13275198E+02  0.11623744E-23
 0.13316031E+02  0.11618144E-23
 0.13356989E+02  0.11612395E-23
 0.13398073E+02  0.11606506E-23
 0.13439284E+02  0.11600451E-23
 0.13480621E+02  0.11594226E-23
 0.13522086E+02  0.11587843E-23
 0.13563678E+02  0.11581333E-23
 0.13605398E+02  0.11574676E-23
 0.13647246E+02  0.11567861E-23
 0.13689223E+02  0.11560918E-23
 0.13731329E+02  0.11553837E-23
 0.13773565E+02  0.11546617E-23
 0.13815930E+02  0.11539284E-23
 0.13858426E+02  0.11531834E-23
 0.13901052E+02  0.11524270E-23
 0.13943810E+02  0.11516625E-23
 0.13986699E+02  0.11508901E-23
 0.14029720E+02  0.11501109E-23
 0.14072874E+02  0.11493298E-23
 0.14116160E+02  0.11485482E-23
 0.14159579E+02  0.11477692E-23
 0.14203132E+02  0.11470011E-23
 0.14246819E+02  0.11462488E-23
 0.14290640E+02  0.11455200E-23
 0.14334596E+02  0.11448325E-23
 0.14378687E+02  0.11442012E-23
 0.14422914E+02  0.11436484E-23
 0.14467277E+02  0.11432220E-23
 0.14511776E+02  0.11429771E-23
 0.14556412E+02  0.11429920E-23
 0.14601186E+02  0.11434485E-23
 0.14646097E+02  0.11446364E-23
 0.14691146E+02  0.11469239E-23
 0.14736334E+02  0.11515401E-23
 0.14781661E+02  0.11618250E-23
 0.14827127E+02  0.12613446E-23
 0.14872734E+02  0.17966663E-23
 0.14918480E+02  0.23391613E-23
 0.14964367E+02  0.22230791E-23
 0.15010395E+02  0.16302700E-23
 0.15056565E+02  0.12213844E-23
 0.15102877E+02  0.11643246E-23
 0.15149331E+02  0.11449616E-23
 0.15195929E+02  0.11348374E-23
 0.15242669E+02  0.11289179E-23
 0.15289553E+02  0.11247276E-23
 0.15336582E+02  0.11215216E-23
 0.15383755E+02  0.11188481E-23
 0.15431073E+02  0.11164977E-23
 0.15478537E+02  0.11143686E-23
 0.15526147E+02  0.11123821E-23
 0.15573903E+02  0.11104871E-23
 0.15621806E+02  0.11086578E-23
 0.15669857E+02  0.11068724E-23
 0.15718055E+02  0.11051143E-23
 0.15766401E+02  0.11033747E-23
 0.15814897E+02  0.11016459E-23
 0.15863541E+02  0.10999211E-23
 0.15912335E+02  0.10981968E-23
 0.15961279E+02  0.10964698E-23
 0.16010374E+02  0.10947369E-23
 0.16059619E+02  0.10929967E-23
 0.16109016E+02  0.10912475E-23
 0.16158565E+02  0.10894879E-23
 0.16208267E+02  0.10877170E-23
 0.16258121E+02  0.10859341E-23
 0.16308129E+02  0.10841384E-23
 0.16358290E+02  0.10823295E-23
 0.16408606E+02  0.10805071E-23
 0.16459077E+02  0.10786706E-23
 0.16509702E+02  0.10768200E-23
 0.16560484E+02  0.10749551E-23
 0.16611422E+02  0.10730755E-23
 0.16662516E+02  0.10711814E-23
 0.16713768E+02  0.10692727E-23
 0.16765177E+02  0.10673492E-23
 0.16816744E+02  0.10654109E-23
 0.16868470E+02  0.10634581E-23
 0.16920355E+02  0.10614904E-23
 0.16972400E+02  0.10595082E-23
 0.17024604E+02  0.10575115E-23
 0.17076970E+02  0.10555002E-23
 0.17129496E+02  0.10534746E-23
 0.17182184E+02  0.10514349E-23
 0.17235034E+02  0.10493808E-23
 0.17288046E+02  0.10473129E-23
 0.17341222E+02  0.10452315E-23
 0.17394561E+02  0.10431360E-23
 0.17448064E+02  0.10410270E-23
 0.17501732E+02  0.10389053E-23
 0.17555565E+02  0.10367703E-23
 0.17609563E+02  0.10346220E-23
 0.17663728E+02  0.10324608E-23
 0.17718059E+02  0.10302878E-23
 0.17772557E+02  0.10281027E-23
 0.17827223E+02  0.10259052E-23
 0.17882057E+02  0.10236965E-23
 0.17937060E+02  0.10214763E-23
 0.17992231E+02  0.10192448E-23
 0.18047573E+02  0.10170028E-23
 0.18103085E+02  0.10147503E-23
 0.18158767E+02  0.10124876E-23
 0.18214621E+02  0.10102153E-23
 0.18270647E+02  0.10079336E-23
 0.18326845E+02  0.10056428E-23
 0.18383215E+02  0.10033435E-23
 0.18439759E+02  0.10010362E-23
 0.18496478E+02  0.99872096E-24
 0.18553370E+02  0.99639871E-24
 0.18610438E+02  0.99406976E-24
 0.18667681E+02  0.99173454E-24
 0.18725100E+02  0.98939389E-24
 0.18782696E+02  0.98704827E-24
 0.18840468E+02  0.98469824E-24
 0.18898419E+02  0.98234474E-24
 0.18956548E+02  0.97998840E-24
 0.19014856E+02  0.97762992E-24
 0.19073343E+02  0.97527046E-24
 0.19132009E+02  0.97291085E-24
 0.19190857E+02  0.97055203E-24
 0.19249885E+02  0.96819547E-24
 0.19309095E+02  0.96584233E-24
 0.19368487E+02  0.96349395E-24
 0.19428062E+02  0.96115230E-24
 0.19487820E+02  0.95881913E-24
 0.19547762E+02  0.95649641E-24
 0.19607888E+02  0.95418705E-24
 0.19668199E+02  0.95189383E-24
 0.19728695E+02  0.94961997E-24
 0.19789378E+02  0.94737010E-24
 0.19850247E+02  0.94514915E-24
 0.19911304E+02  0.94296284E-24
 0.19972548E+02  0.94081948E-24
 0.20033981E+02  0.93872878E-24
 0.20095603E+02  0.93670225E-24
 0.20157414E+02  0.93475691E-24
 0.20219415E+02  0.93291484E-24
 0.20281607E+02  0.93120280E-24
 0.20343991E+02  0.92966237E-24
 0.20406566E+02  0.92835414E-24
 0.20469333E+02  0.92735370E-24
 0.20532294E+02  0.92679022E-24
 0.20595449E+02  0.92688281E-24
 0.20658797E+02  0.92791188E-24
 0.20722341E+02  0.93045534E-24
 0.20786080E+02  0.93578530E-24
 0.20850015E+02  0.94653519E-24
 0.20914147E+02  0.97046770E-24
 0.20978475E+02  0.10181556E-23
 0.21043002E+02  0.11736513E-23
 0.21107728E+02  0.16384700E-23
 0.21172652E+02  0.19943487E-23
 0.21237776E+02  0.19378566E-23
 0.21303100E+02  0.14601372E-23
 0.21368626E+02  0.10029754E-23
 0.21434353E+02  0.93094961E-24
 0.21500282E+02  0.91146269E-24
 0.21566413E+02  0.90023655E-24
 0.21632749E+02  0.89235203E-24
 0.21699288E+02  0.88641152E-24
 0.21766032E+02  0.88173552E-24
 0.21832981E+02  0.87781713E-24
 0.21900136E+02  0.87441022E-24
 0.21967498E+02  0.87137549E-24
 0.22035067E+02  0.86860654E-24
 0.22102844E+02  0.86603899E-24
 0.22170829E+02  0.86363322E-24
 0.22239023E+02  0.86135766E-24
 0.22307427E+02  0.85919064E-24
 0.22376042E+02  0.85711841E-24
 0.22444867E+02  0.85512967E-24
 0.22513904E+02  0.85321608E-24
 0.22583154E+02  0.85137240E-24
 0.22652617E+02  0.84959429E-24
 0.22722293E+02  0.84787841E-24
 0.22792183E+02  0.84622284E-24
 0.22862289E+02  0.84462601E-24
 0.22932610E+02  0.84308673E-24
 0.23003147E+02  0.84160449E-24
 0.23073902E+02  0.84017899E-24
 0.23144874E+02  0.83880999E-24
 0.23216064E+02  0.83749768E-24
 0.23287474E+02  0.83624229E-24
 0.23359102E+02  0.83504406E-24
 0.23430952E+02  0.83390348E-24
 0.23503022E+02  0.83282102E-24
 0.23575314E+02  0.83179714E-24
 0.23647828E+02  0.83083241E-24
 0.23720566E+02  0.82992739E-24
 0.23793527E+02  0.82908257E-24
 0.23866712E+02  0.82829853E-24
 0.23940123E+02  0.82757580E-24
 0.24013759E+02  0.82691483E-24
 0.24087622E+02  0.82631610E-24
 0.24161712E+02  0.82578005E-24
 0.24236030E+02  0.82530703E-24
 0.24310577E+02  0.82489739E-24
 0.24385353E+02  0.82455142E-24
 0.24460359E+02  0.82426931E-24
 0.24535595E+02  0.82405125E-24
 0.24611063E+02  0.82389734E-24
 0.24686763E+02  0.82380761E-24
 0.24762696E+02  0.82378203E-24
 0.24838863E+02  0.82382053E-24
 0.24915264E+02  0.82392291E-24
 0.24991900E+02  0.82408896E-24
 0.25068771E+02  0.82431837E-24
 0.25145879E+02  0.82461074E-24
 0.25223224E+02  0.82496564E-24
 0.25300807E+02  0.82538255E-24
 0.25378629E+02  0.82586086E-24
 0.25456690E+02  0.82639993E-24
 0.25534991E+02  0.82699901E-24
 0.25613533E+02  0.82765731E-24
 0.25692317E+02  0.82837396E-24
 0.25771343E+02  0.82914804E-24
 0.25850612E+02  0.82997854E-24
 0.25930124E+02  0.83086441E-24
 0.26009882E+02  0.83180453E-24
 0.26089885E+02  0.83279774E-24
 0.26170133E+02  0.83384280E-24
 0.26250629E+02  0.83493843E-24
 0.26331372E+02  0.83608329E-24
 0.26412364E+02  0.83727601E-24
 0.26493604E+02  0.83851515E-24
 0.26575095E+02  0.83979923E-24
 0.26656836E+02  0.84112673E-24
 0.26738829E+02  0.84249609E-24
 0.26821074E+02  0.84390569E-24
 0.26903571E+02  0.84535389E-24
 0.26986323E+02  0.84683901E-24
 0.27069329E+02  0.84835932E-24
 0.27152591E+02  0.84991306E-24
 0.27236108E+02  0.85149844E-24
 0.27319882E+02  0.85311363E-24
 0.27403915E+02  0.85475677E-24
 0.27488205E+02  0.85642595E-24
 0.27572755E+02  0.85811925E-24
 0.27657565E+02  0.85983470E-24
 0.27742636E+02  0.86157032E-24
 0.27827968E+02  0.86332406E-24
 0.27913563E+02  0.86509388E-24
 0.27999421E+02  0.86687769E-24
 0.28085543E+02  0.86867336E-24
 0.28171930E+02  0.87047876E-24
 0.28258583E+02  0.87229171E-24
 0.28345503E+02  0.87411001E-24
 0.28432689E+02  0.87593142E-24
 0.28520144E+02  0.87775370E-24
 0.28607868E+02  0.87957456E-24
 0.28695862E+02  0.88139171E-24
 0.28784126E+02  0.88320282E-24
 0.28872662E+02  0.88500556E-24
 0.28961470E+02  0.88679757E-24
 0.29050552E+02  0.88857647E-24
 0.29139907E+02  0.89033988E-24
 0.29229537E+02  0.89208543E-24
 0.29319443E+02  0.89381069E-24
 0.29409626E+02  0.89551328E-24
 0.29500085E+02  0.89719080E-24
 0.29590824E+02  0.89884085E-24
 0.29681841E+02  0.90046105E-24
 0.29773138E+02  0.90204900E-24
 0.29864716E+02  0.90360237E-24
 0.29956575E+02  0.90511880E-24
 0.30048718E+02  0.90659598E-24
 0.30141143E+02  0.90803163E-24
 0.30233853E+02  0.90942348E-24
 0.30326848E+02  0.91076933E-24
 0.30420129E+02  0.91206699E-24
 0.30513697E+02  0.91331434E-24
 0.30607553E+02  0.91450930E-24
 0.30701697E+02  0.91564984E-24
 0.30796131E+02  0.91673402E-24
 0.30890856E+02  0.91775992E-24
 0.30985872E+02  0.91872573E-24
 0.31081180E+02  0.91962968E-24
 0.31176781E+02  0.92047008E-24
 0.31272677E+02  0.92124535E-24
 0.31368867E+02  0.92195396E-24
 0.31465353E+02  0.92259448E-24
 0.31562136E+02  0.92316557E-24
 0.31659217E+02  0.92366597E-24
 0.31756596E+02  0.92409453E-24
 0.31854275E+02  0.92445020E-24
 0.31952254E+02  0.92473201E-24
 0.32050535E+02  0.92493910E-24
 0.32149118E+02  0.92507071E-24
 0.32248004E+02  0.92512620E-24
 0.32347194E+02  0.92510500E-24
 0.32446689E+02  0.92500666E-24
 0.32546491E+02  0.92483084E-24
 0.32646599E+02  0.92457730E-24
 0.32747015E+02  0.92424590E-24
 0.32847741E+02  0.92383658E-24
 0.32948776E+02  0.92334943E-24
 0.33050121E+02  0.92278459E-24
 0.33151779E+02  0.92214233E-24
 0.33253749E+02  0.92142299E-24
 0.33356033E+02  0.92062702E-24
 0.33458631E+02  0.91975495E-24
 0.33561545E+02  0.91880742E-24
 0.33664776E+02  0.91778512E-24
 0.33768324E+02  0.91668884E-24
 0.33872190E+02  0.91551945E-24
 0.33976376E+02  0.91427790E-24
 0.34080883E+02  0.91296519E-24
 0.34185711E+02  0.91158242E-24
 0.34290861E+02  0.91013072E-24
 0.34396335E+02  0.90861130E-24
 0.34502133E+02  0.90702543E-24
 0.34608257E+02  0.90537442E-24
 0.34714707E+02  0.90365963E-24
 0.34821485E+02  0.90188248E-24
 0.34928590E+02  0.90004442E-24
 0.35036026E+02  0.89814694E-24
 0.35143792E+02  0.89619155E-24
 0.35251889E+02  0.89417982E-24
 0.35360319E+02  0.89211332E-24
 0.35469082E+02  0.88999364E-24
 0.35578180E+02  0.88782242E-24
 0.35687613E+02  0.88560128E-24
 0.35797383E+02  0.88333187E-24
 0.35907491E+02  0.88101586E-24
 0.36017937E+02  0.87865490E-24
 0.36128724E+02  0.87625066E-24
 0.36239850E+02  0.87380480E-24
 0.36351319E+02  0.87131900E-24
 0.36463130E+02  0.86879490E-24
 0.36575286E+02  0.86623416E-24
 0.36687786E+02  0.86363842E-24
 0.36800633E+02  0.86100931E-24
 0.36913826E+02  0.85834844E-24
 0.37027368E+02  0.85565741E-24
 0.37141259E+02  0.85293780E-24
 0.37255500E+02  0.85019118E-24
 0.37370093E+02  0.84741907E-24
 0.37485038E+02  0.84462301E-24
 0.37600336E+02  0.84180447E-24
 0.37715990E+02  0.83896494E-24
 0.37831999E+02  0.83610584E-24
 0.37948365E+02  0.83322860E-24
 0.38065088E+02  0.83033461E-24
 0.38182171E+02  0.82742521E-24
 0.38299614E+02  0.82450175E-24
 0.38417418E+02  0.82156551E-24
 0.38535585E+02  0.81861777E-24
 0.38654115E+02  0.81565976E-24
 0.38773009E+02  0.81269269E-24
 0.38892270E+02  0.80971774E-24
 0.39011897E+02  0.80673605E-24
 0.39131892E+02  0.80374874E-24
 0.39252256E+02  0.80075688E-24
 0.39372990E+02  0.79776152E-24
 0.39494096E+02  0.79476368E-24
 0.39615574E+02  0.79176436E-24
 0.39737426E+02  0.78876450E-24
 0.39859653E+02  0.78576504E-24
 0.39982255E+02  0.78276686E-24
 0.40105235E+02  0.77977083E-24
 0.40228593E+02  0.77677780E-24
 0.40352331E+02  0.77378855E-24
 0.40476449E+02  0.77080388E-24
 0.40600948E+02  0.76782453E-24
 0.40725831E+02  0.76485122E-24
 0.40851098E+02  0.76188464E-24
 0.40976750E+02  0.75892547E-24
 0.41102789E+02  0.75597433E-24
 0.41229215E+02  0.75303185E-24
 0.41356030E+02  0.75009861E-24
 0.41483236E+02  0.74717517E-24
 0.41610832E+02  0.74426208E-24
 0.41738821E+02  0.74135985E-24
 0.41867204E+02  0.73846897E-24
 0.41995982E+02  0.73558991E-24
 0.42125155E+02  0.73272312E-24
 0.42254726E+02  0.72986903E-24
 0.42384696E+02  0.72702803E-24
 0.42515065E+02  0.72420052E-24
 0.42645835E+02  0.72138687E-24
 0.42777008E+02  0.71858741E-24
 0.42908584E+02  0.71580247E-24
 0.43040565E+02  0.71303238E-24
 0.43172951E+02  0.71027741E-24
 0.43305745E+02  0.70753785E-24
 0.43438947E+02  0.70481397E-24
 0.43572559E+02  0.70210600E-24
 0.43706582E+02  0.69941419E-24
 0.43841018E+02  0.69673875E-24
 0.43975866E+02  0.69407991E-24
 0.44111130E+02  0.69143786E-24
 0.44246810E+02  0.68881283E-24
 0.44382906E+02  0.68620501E-24
 0.44519422E+02  0.68361465E-24
 0.44656357E+02  0.68104207E-24
 0.44793714E+02  0.67848760E-24
 0.44931493E+02  0.67595182E-24
 0.45069696E+02  0.67343627E-24
 0.45208324E+02  0.67094905E-24
 0.45347378E+02  0.66854373E-24
 0.45486860E+02  0.66619169E-24
 0.45626772E+02  0.66375732E-24
 0.45767113E+02  0.66128109E-24
 0.45907886E+02  0.65881234E-24
 0.46049092E+02  0.65636698E-24
 0.46190733E+02  0.65393579E-24
 0.46332809E+02  0.65154211E-24
 0.46475322E+02  0.64918901E-24
 0.46618273E+02  0.64686010E-24
 0.46761665E+02  0.64455092E-24
 0.46905497E+02  0.64226057E-24
 0.47049772E+02  0.63998867E-24
 0.47194490E+02  0.63773501E-24
 0.47339654E+02  0.63549945E-24
 0.47485264E+02  0.63328188E-24
 0.47631321E+02  0.63108222E-24
 0.47777829E+02  0.62890038E-24
 0.47924786E+02  0.62673629E-24
 0.48072196E+02  0.62458989E-24
 0.48220060E+02  0.62246109E-24
 0.48368378E+02  0.62034982E-24
 0.48517152E+02  0.61825601E-24
 0.48666384E+02  0.61617958E-24
 0.48816075E+02  0.61412044E-24
 0.48966226E+02  0.61207851E-24
 0.49116839E+02  0.61005369E-24
 0.49267916E+02  0.60804590E-24
 0.49419457E+02  0.60605505E-24
 0.49571464E+02  0.60408104E-24
 0.49723939E+02  0.60212376E-24
 0.49876882E+02  0.60018312E-24
 0.50030297E+02  0.59825902E-24
 0.50184183E+02  0.59635135E-24
 0.50338542E+02  0.59446000E-24
 0.50493376E+02  0.59258486E-24
 0.50648687E+02  0.59072582E-24
 0.50804475E+02  0.58888278E-24
 0.50960742E+02  0.58705561E-24
 0.51117490E+02  0.58524420E-24
 0.51274720E+02  0.58344844E-24
 0.51432434E+02  0.58166820E-24
 0.51590633E+02  0.57990337E-24
 0.51749319E+02  0.57815382E-24
 0.51908492E+02  0.57641944E-24
 0.52068155E+02  0.57470011E-24
 0.52228309E+02  0.57299569E-24
 0.52388956E+02  0.57130608E-24
 0.52550097E+02  0.56963113E-24
 0.52711734E+02  0.56797074E-24
 0.52873868E+02  0.56632478E-24
 0.53036500E+02  0.56469311E-24
 0.53199633E+02  0.56307562E-24
 0.53363268E+02  0.56147218E-24
 0.53527405E+02  0.55988266E-24
 0.53692048E+02  0.55830694E-24
 0.53857197E+02  0.55674489E-24
 0.54022854E+02  0.55519639E-24
 0.54189021E+02  0.55366131E-24
 0.54355699E+02  0.55213952E-24
 0.54522889E+02  0.55063089E-24
 0.54690594E+02  0.54913531E-24
 0.54858814E+02  0.54765265E-24
 0.55027552E+02  0.54618277E-24
 0.55196809E+02  0.54472556E-24
 0.55366587E+02  0.54328090E-24
 0.55536886E+02  0.54184865E-24
 0.55707710E+02  0.54042870E-24
 0.55879059E+02  0.53902092E-24
 0.56050935E+02  0.53762519E-24
 0.56223340E+02  0.53624139E-24
 0.56396275E+02  0.53486939E-24
 0.56569742E+02  0.53350907E-24
 0.56743742E+02  0.53216032E-24
 0.56918278E+02  0.53082301E-24
 0.57093350E+02  0.52949702E-24
 0.57268961E+02  0.52818225E-24
 0.57445113E+02  0.52687856E-24
 0.57621806E+02  0.52558584E-24
 0.57799042E+02  0.52430397E-24
 0.57976824E+02  0.52303285E-24
 0.58155152E+02  0.52177234E-24
 0.58334029E+02  0.52052235E-24
 0.58513456E+02  0.51928276E-24
 0.58693435E+02  0.51805345E-24
 0.58873968E+02  0.51683431E-24
 0.59055056E+02  0.51562523E-24
 0.59236701E+02  0.51442610E-24
 0.59418905E+02  0.51323682E-24
 0.59601669E+02  0.51205727E-24
 0.59784995E+02  0.51088735E-24
 0.59968885E+02  0.50972695E-24
 0.60153341E+02  0.50857596E-24
 0.60338364E+02  0.50743428E-24
 0.60523956E+02  0.50630181E-24
 0.60710119E+02  0.50517844E-24
 0.60896855E+02  0.50406407E-24
 0.61084165E+02  0.50295860E-24
 0.61272051E+02  0.50186193E-24
 0.61460516E+02  0.50077396E-24
 0.61649559E+02  0.49969459E-24
 0.61839185E+02  0.49862372E-24
 0.62029393E+02  0.49756126E-24
 0.62220187E+02  0.49650712E-24
 0.62411567E+02  0.49546119E-24
 0.62603536E+02  0.49442338E-24
 0.62796096E+02  0.49339361E-24
 0.62989248E+02  0.49237177E-24
 0.63182994E+02  0.49135778E-24
 0.63377336E+02  0.49035155E-24
 0.63572275E+02  0.48935299E-24
 0.63767815E+02  0.48836201E-24
 0.63963955E+02  0.48737852E-24
 0.64160699E+02  0.48640244E-24
 0.64358049E+02  0.48543368E-24
 0.64556005E+02  0.48447216E-24
 0.64754570E+02  0.48351779E-24
 0.64953746E+02  0.48257049E-24
 0.65153534E+02  0.48163017E-24
 0.65353937E+02  0.48069677E-24
 0.65554957E+02  0.47977020E-24
 0.65756594E+02  0.47885037E-24
 0.65958852E+02  0.47793721E-24
 0.66161732E+02  0.47703065E-24
 0.66365237E+02  0.47613060E-24
 0.66569367E+02  0.47523700E-24
 0.66774125E+02  0.47434976E-24
 0.66979512E+02  0.47346881E-24
 0.67185532E+02  0.47259409E-24
 0.67392185E+02  0.47172551E-24
 0.67599474E+02  0.47086300E-24
 0.67807400E+02  0.47000651E-24
 0.68015966E+02  0.46915595E-24
 0.68225173E+02  0.46831125E-24
 0.68435024E+02  0.46747236E-24
 0.68645521E+02  0.46663920E-24
 0.68856665E+02  0.46581170E-24
 0.69068458E+02  0.46498981E-24
 0.69280903E+02  0.46417345E-24
 0.69494001E+02  0.46336256E-24
 0.69707755E+02  0.46255708E-24
 0.69922166E+02  0.46175695E-24
 0.70137236E+02  0.46096210E-24
 0.70352969E+02  0.46017248E-24
 0.70569364E+02  0.45938802E-24
 0.70786426E+02  0.45860867E-24
 0.71004155E+02  0.45783436E-24
 0.71222553E+02  0.45706504E-24
 0.71441624E+02  0.45630065E-24
 0.71661368E+02  0.45554114E-24
 0.71881788E+02  0.45478645E-24
 0.72102886E+02  0.45403652E-24
 0.72324665E+02  0.45329130E-24
 0.72547125E+02  0.45255074E-24
 0.72770270E+02  0.45181478E-24
 0.72994101E+02  0.45108337E-24
 0.73218620E+02  0.45035647E-24
 0.73443830E+02  0.44963401E-24
 0.73669733E+02  0.44891595E-24
 0.73896331E+02  0.44820225E-24
 0.74123625E+02  0.44749284E-24
 0.74351619E+02  0.44678769E-24
 0.74580314E+02  0.44608674E-24
 0.74809713E+02  0.44538995E-24
 0.75039817E+02  0.44469728E-24
 0.75270628E+02  0.44400867E-24
 0.75502150E+02  0.44332408E-24
 0.75734384E+02  0.44264347E-24
 0.75967332E+02  0.44196680E-24
 0.76200997E+02  0.44129401E-24
 0.76435380E+02  0.44062507E-24
 0.76670485E+02  0.43995994E-24
 0.76906312E+02  0.43929857E-24
 0.77142865E+02  0.43864093E-24
 0.77380146E+02  0.43798696E-24
 0.77618156E+02  0.43733664E-24
 0.77856898E+02  0.43668993E-24
 0.78096375E+02  0.43604678E-24
 0.78336589E+02  0.43540715E-24
 0.78577541E+02  0.43477102E-24
 0.78819234E+02  0.43413833E-24
 0.79061671E+02  0.43350906E-24
 0.79304853E+02  0.43288318E-24
 0.79548784E+02  0.43226063E-24
 0.79793465E+02  0.43164139E-24
 0.80038898E+02  0.43102543E-24
 0.80285086E+02  0.43041270E-24
 0.80532032E+02  0.42980318E-24
 0.80779737E+02  0.42919684E-24
 0.81028204E+02  0.42859363E-24
 0.81277435E+02  0.42799353E-24
 0.81527433E+02  0.42739651E-24
 0.81778200E+02  0.42680253E-24
 0.82029738E+02  0.42621157E-24
 0.82282050E+02  0.42562358E-24
 0.82535138E+02  0.42503855E-24
 0.82789004E+02  0.42445645E-24
 0.83043651E+02  0.42387724E-24
 0.83299082E+02  0.42330089E-24
 0.83555298E+02  0.42272738E-24
 0.83812302E+02  0.42215668E-24
 0.84070097E+02  0.42158876E-24
 0.84328684E+02  0.42102359E-24
 0.84588067E+02  0.42046115E-24
 0.84848248E+02  0.41990142E-24
 0.85109230E+02  0.41934435E-24
 0.85371013E+02  0.41878994E-24
 0.85633603E+02  0.41823815E-24
 0.85896999E+02  0.41768896E-24
 0.86161206E+02  0.41714234E-24
 0.86426226E+02  0.41659828E-24
 0.86692061E+02  0.41605674E-24
 0.86958713E+02  0.41551770E-24
 0.87226186E+02  0.41498115E-24
 0.87494481E+02  0.41444705E-24
 0.87763602E+02  0.41391538E-24
 0.88033550E+02  0.41338613E-24
 0.88304329E+02  0.41285927E-24
 0.88575940E+02  0.41233478E-24
 0.88848387E+02  0.41181264E-24
 0.89121672E+02  0.41129282E-24
 0.89395798E+02  0.41077531E-24
 0.89670767E+02  0.41026008E-24
 0.89946581E+02  0.40974713E-24
 0.90223244E+02  0.40923642E-24
 0.90500758E+02  0.40872793E-24
 0.90779126E+02  0.40822166E-24
 0.91058349E+02  0.40771757E-24
 0.91338432E+02  0.40721566E-24
 0.91619376E+02  0.40671590E-24
 0.91901184E+02  0.40621827E-24
 0.92183859E+02  0.40572276E-24
 0.92467404E+02  0.40522935E-24
 0.92751820E+02  0.40473802E-24
 0.93037112E+02  0.40424876E-24
 0.93323280E+02  0.40376155E-24
 0.93610330E+02  0.40327636E-24
 0.93898262E+02  0.40279320E-24
 0.94187079E+02  0.40231204E-24
 0.94476786E+02  0.40183286E-24
 0.94767383E+02  0.40135565E-24
 0.95058874E+02  0.40088040E-24
 0.95351261E+02  0.40040708E-24
 0.95644548E+02  0.39993569E-24
 0.95938737E+02  0.39946621E-24
 0.96233831E+02  0.39899863E-24
 0.96529833E+02  0.39853292E-24
 0.96826745E+02  0.39806909E-24
 0.97124570E+02  0.39760711E-24
 0.97423312E+02  0.39714697E-24
 0.97722972E+02  0.39668866E-24
 0.98023554E+02  0.39623216E-24
 0.98325060E+02  0.39577747E-24
 0.98627494E+02  0.39532456E-24
 0.98930858E+02  0.39487344E-24
 0.99235156E+02  0.39442407E-24
 0.99540389E+02  0.39397646E-24
 0.99846561E+02  0.39353059E-24
 0.10015367E+03  0.39308645E-24
 0.10046173E+03  0.39264403E-24
 0.10077074E+03  0.39220331E-24
 0.10108070E+03  0.39176429E-24
 0.10139161E+03  0.39132696E-24
 0.10170347E+03  0.39089130E-24
 0.10201630E+03  0.39045730E-24
 0.10233008E+03  0.39002495E-24
 0.10264484E+03  0.38959425E-24
 0.10296056E+03  0.38916518E-24
 0.10327725E+03  0.38873773E-24
 0.10359492E+03  0.38831190E-24
 0.10391356E+03  0.38788766E-24
 0.10423318E+03  0.38746503E-24
 0.10455379E+03  0.38704397E-24
 0.10487538E+03  0.38662449E-24
 0.10519796E+03  0.38620658E-24
 0.10552154E+03  0.38579023E-24
 0.10584611E+03  0.38537542E-24
 0.10617168E+03  0.38496216E-24
 0.10649824E+03  0.38455043E-24
 0.10682582E+03  0.38414022E-24
 0.10715440E+03  0.38373152E-24
 0.10748399E+03  0.38332434E-24
 0.10781460E+03  0.38291865E-24
 0.10814622E+03  0.38251446E-24
 0.10847886E+03  0.38211175E-24
 0.10881253E+03  0.38171051E-24
 0.10914722E+03  0.38131075E-24
 0.10948294E+03  0.38091245E-24
 0.10981969E+03  0.38051561E-24
 0.11015748E+03  0.38012021E-24
 0.11049631E+03  0.37972625E-24
 0.11083618E+03  0.37933373E-24
 0.11117710E+03  0.37894264E-24
 0.11151906E+03  0.37855297E-24
 0.11186208E+03  0.37816471E-24
 0.11220615E+03  0.37777787E-24
 0.11255128E+03  0.37739242E-24
 0.11289747E+03  0.37700838E-24
 0.11324473E+03  0.37662572E-24
 0.11359306E+03  0.37624445E-24
 0.11394245E+03  0.37586456E-24
 0.11429292E+03  0.37548604E-24
 0.11464447E+03  0.37510889E-24
 0.11499710E+03  0.37473310E-24
 0.11535082E+03  0.37435868E-24
 0.11570562E+03  0.37398560E-24
 0.11606151E+03  0.37361387E-24
 0.11641850E+03  0.37324348E-24
 0.11677659E+03  0.37287443E-24
 0.11713578E+03  0.37250671E-24
 0.11749607E+03  0.37214032E-24
 0.11785747E+03  0.37177526E-24
 0.11821998E+03  0.37141151E-24
 0.11858361E+03  0.37104907E-24
 0.11894836E+03  0.37068795E-24
 0.11931423E+03  0.37032813E-24
 0.11968122E+03  0.36996961E-24
 0.12004934E+03  0.36961239E-24
 0.12041860E+03  0.36925646E-24
 0.12078899E+03  0.36890182E-24
 0.12116052E+03  0.36854846E-24
 0.12153319E+03  0.36819639E-24
 0.12190701E+03  0.36784559E-24
 0.12228198E+03  0.36749607E-24
 0.12265810E+03  0.36714782E-24
 0.12303538E+03  0.36680083E-24
 0.12341382E+03  0.36645511E-24
 0.12379342E+03  0.36611065E-24
 0.12417419E+03  0.36576745E-24
 0.12455613E+03  0.36542550E-24
 0.12493925E+03  0.36508480E-24
 0.12532355E+03  0.36474534E-24
 0.12570902E+03  0.36440714E-24
 0.12609569E+03  0.36407017E-24
 0.12648354E+03  0.36373444E-24
 0.12687259E+03  0.36339995E-24
 0.12726283E+03  0.36306670E-24
 0.12765427E+03  0.36273467E-24
 0.12804692E+03  0.36240387E-24
 0.12844077E+03  0.36207430E-24
 0.12883584E+03  0.36174595E-24
 0.12923212E+03  0.36141883E-24
 0.12962962E+03  0.36109292E-24
 0.13002834E+03  0.36076823E-24
 0.13042829E+03  0.36044475E-24
 0.13082947E+03  0.36012248E-24
 0.13123188E+03  0.35980143E-24
 0.13163553E+03  0.35948158E-24
 0.13204042E+03  0.35916294E-24
 0.13244656E+03  0.35884551E-24
 0.13285395E+03  0.35852927E-24
 0.13326259E+03  0.35821424E-24
 0.13367248E+03  0.35790041E-24
 0.13408364E+03  0.35758777E-24
 0.13449606E+03  0.35727633E-24
 0.13490975E+03  0.35696609E-24
 0.13532472E+03  0.35665703E-24
 0.13574096E+03  0.35634917E-24
 0.13615848E+03  0.35604250E-24
 0.13657728E+03  0.35573702E-24
 0.13699737E+03  0.35543273E-24
 0.13741876E+03  0.35512962E-24
 0.13784144E+03  0.35482770E-24
 0.13826542E+03  0.35452696E-24
 0.13869070E+03  0.35422740E-24
 0.13911730E+03  0.35392903E-24
 0.13954520E+03  0.35363184E-24
 0.13997442E+03  0.35333582E-24
 0.14040496E+03  0.35304099E-24
 0.14083683E+03  0.35274734E-24
 0.14127002E+03  0.35245486E-24
 0.14170455E+03  0.35216356E-24
 0.14214041E+03  0.35187344E-24
 0.14257762E+03  0.35158449E-24
 0.14301617E+03  0.35129672E-24
 0.14345606E+03  0.35101012E-24
 0.14389731E+03  0.35072469E-24
 0.14433992E+03  0.35044044E-24
 0.14478389E+03  0.35015737E-24
 0.14522922E+03  0.34987546E-24
 0.14567593E+03  0.34959473E-24
 0.14612401E+03  0.34931518E-24
 0.14657346E+03  0.34903679E-24
 0.14702430E+03  0.34875957E-24
 0.14747653E+03  0.34848353E-24
 0.14793015E+03  0.34820866E-24
 0.14838516E+03  0.34793496E-24
 0.14884157E+03  0.34766244E-24
 0.14929939E+03  0.34739108E-24
 0.14975861E+03  0.34712090E-24
 0.15021925E+03  0.34685189E-24
 0.15068130E+03  0.34658405E-24
 0.15114477E+03  0.34631738E-24
 0.15160967E+03  0.34605189E-24
 0.15207600E+03  0.34578756E-24
 0.15254377E+03  0.34552442E-24
 0.15301297E+03  0.34526244E-24
 0.15348362E+03  0.34500164E-24
 0.15395571E+03  0.34474201E-24
 0.15442926E+03  0.34448356E-24
 0.15490426E+03  0.34422629E-24
 0.15538072E+03  0.34397018E-24
 0.15585865E+03  0.34371526E-24
 0.15633805E+03  0.34346151E-24
 0.15681892E+03  0.34320895E-24
 0.15730128E+03  0.34295755E-24
 0.15778511E+03  0.34270734E-24
 0.15827044E+03  0.34245831E-24
 0.15875725E+03  0.34221046E-24
 0.15924557E+03  0.34196379E-24
 0.15973539E+03  0.34171831E-24
 0.16022671E+03  0.34147400E-24
 0.16071954E+03  0.34123088E-24
 0.16121389E+03  0.34098895E-24
 0.16170976E+03  0.34074820E-24
 0.16220716E+03  0.34050864E-24
 0.16270609E+03  0.34027027E-24
 0.16320655E+03  0.34003309E-24
 0.16370855E+03  0.33979710E-24
 0.16421209E+03  0.33956230E-24
 0.16471719E+03  0.33932870E-24
 0.16522383E+03  0.33909629E-24
 0.16573204E+03  0.33886507E-24
 0.16624181E+03  0.33863506E-24
 0.16675314E+03  0.33840624E-24
 0.16726605E+03  0.33817862E-24
 0.16778054E+03  0.33795220E-24
 0.16829661E+03  0.33772699E-24
 0.16881426E+03  0.33750298E-24
 0.16933351E+03  0.33728017E-24
 0.16985436E+03  0.33705857E-24
 0.17037681E+03  0.33683819E-24
 0.17090086E+03  0.33661901E-24
 0.17142653E+03  0.33640104E-24
 0.17195381E+03  0.33618429E-24
 0.17248272E+03  0.33596876E-24
 0.17301325E+03  0.33575444E-24
 0.17354541E+03  0.33554134E-24
 0.17407921E+03  0.33532946E-24
 0.17461466E+03  0.33511881E-24
 0.17515175E+03  0.33490938E-24
 0.17569049E+03  0.33470118E-24
 0.17623089E+03  0.33449421E-24
 0.17677295E+03  0.33428846E-24
 0.17731668E+03  0.33408395E-24
 0.17786208E+03  0.33388068E-24
 0.17840916E+03  0.33367864E-24
 0.17895792E+03  0.33347784E-24
 0.17950837E+03  0.33327828E-24
 0.18006051E+03  0.33307997E-24
 0.18061435E+03  0.33288290E-24
 0.18116989E+03  0.33268708E-24
 0.18172715E+03  0.33249251E-24
 0.18228611E+03  0.33229919E-24
 0.18284680E+03  0.33210712E-24
 0.18340921E+03  0.33191631E-24
 0.18397335E+03  0.33172677E-24
 0.18453923E+03  0.33153848E-24
 0.18510684E+03  0.33135146E-24
 0.18567621E+03  0.33116570E-24
 0.18624732E+03  0.33098122E-24
 0.18682019E+03  0.33079800E-24
 0.18739482E+03  0.33061606E-24
 0.18797122E+03  0.33043540E-24
 0.18854939E+03  0.33025602E-24
 0.18912935E+03  0.33007792E-24
 0.18971108E+03  0.32990110E-24
 0.19029460E+03  0.32972557E-24
 0.19087992E+03  0.32955134E-24
 0.19146704E+03  0.32937839E-24
 0.19205597E+03  0.32920674E-24
 0.19264671E+03  0.32903639E-24
 0.19323926E+03  0.32886735E-24
 0.19383364E+03  0.32869960E-24
 0.19442984E+03  0.32853317E-24
 0.19502788E+03  0.32836804E-24
 0.19562776E+03  0.32820423E-24
 0.19622948E+03  0.32804173E-24
 0.19683305E+03  0.32788056E-24
 0.19743849E+03  0.32772070E-24
 0.19804578E+03  0.32756217E-24
 0.19865494E+03  0.32740498E-24
 0.19926597E+03  0.32724911E-24
 0.19987889E+03  0.32709458E-24
 0.20049369E+03  0.32694138E-24
 0.20111038E+03  0.32678953E-24
 0.20172896E+03  0.32663902E-24
 0.20234945E+03  0.32648987E-24
 0.20297185E+03  0.32634206E-24
 0.20359616E+03  0.32619561E-24
 0.20422240E+03  0.32605051E-24
 0.20485056E+03  0.32590678E-24
 0.20548065E+03  0.32576441E-24
 0.20611268E+03  0.32562341E-24
 0.20674665E+03  0.32548379E-24
 0.20738257E+03  0.32534554E-24
 0.20802045E+03  0.32520866E-24
 0.20866029E+03  0.32507318E-24
 0.20930210E+03  0.32493907E-24
 0.20994589E+03  0.32480636E-24
 0.21059165E+03  0.32467504E-24
 0.21123940E+03  0.32454512E-24
 0.21188914E+03  0.32441660E-24
 0.21254088E+03  0.32428949E-24
 0.21319463E+03  0.32416378E-24
 0.21385039E+03  0.32403949E-24
 0.21450816E+03  0.32391661E-24
 0.21516796E+03  0.32379515E-24
 0.21582978E+03  0.32367512E-24
 0.21649364E+03  0.32355651E-24
 0.21715955E+03  0.32343934E-24
 0.21782750E+03  0.32332360E-24
 0.21849750E+03  0.32320931E-24
 0.21916957E+03  0.32309646E-24
 0.21984371E+03  0.32298505E-24
 0.22051991E+03  0.32287510E-24
 0.22119820E+03  0.32276660E-24
 0.22187858E+03  0.32265957E-24
 0.22256104E+03  0.32255400E-24
 0.22324561E+03  0.32244990E-24
 0.22393228E+03  0.32234727E-24
 0.22462107E+03  0.32224612E-24
 0.22531197E+03  0.32214645E-24
 0.22600500E+03  0.32204827E-24
 0.22670016E+03  0.32195157E-24
 0.22739745E+03  0.32185638E-24
 0.22809689E+03  0.32176268E-24
 0.22879849E+03  0.32167049E-24
 0.22950224E+03  0.32157980E-24
 0.23020816E+03  0.32149062E-24
 0.23091624E+03  0.32140297E-24
 0.23162651E+03  0.32131683E-24
 0.23233896E+03  0.32123222E-24
 0.23305360E+03  0.32114914E-24
 0.23377044E+03  0.32106760E-24
 0.23448949E+03  0.32098760E-24
 0.23521074E+03  0.32090914E-24
 0.23593422E+03  0.32083223E-24
 0.23665992E+03  0.32075688E-24
 0.23738785E+03  0.32068308E-24
 0.23811802E+03  0.32061085E-24
 0.23885044E+03  0.32054019E-24
 0.23958511E+03  0.32047110E-24
 0.24032204E+03  0.32040358E-24
 0.24106123E+03  0.32033766E-24
 0.24180270E+03  0.32027331E-24
 0.24254646E+03  0.32021057E-24
 0.24329249E+03  0.32014942E-24
 0.24404083E+03  0.32008987E-24
 0.24479146E+03  0.32003193E-24
 0.24554441E+03  0.31997561E-24
 0.24629967E+03  0.31992090E-24
 0.24705725E+03  0.31986781E-24
 0.24781716E+03  0.31981636E-24
 0.24857941E+03  0.31976654E-24
 0.24934401E+03  0.31971835E-24
 0.25011095E+03  0.31967181E-24
 0.25088026E+03  0.31962692E-24
 0.25165193E+03  0.31958369E-24
 0.25242598E+03  0.31954211E-24
 0.25320240E+03  0.31950220E-24
 0.25398122E+03  0.31946396E-24
 0.25476243E+03  0.31942739E-24
 0.25554604E+03  0.31939251E-24
 0.25633206E+03  0.31935931E-24
 0.25712050E+03  0.31932780E-24
 0.25791137E+03  0.31929800E-24
 0.25870467E+03  0.31926989E-24
 0.25950041E+03  0.31924349E-24
 0.26029859E+03  0.31921881E-24
 0.26109924E+03  0.31919585E-24
 0.26190234E+03  0.31917461E-24
 0.26270792E+03  0.31915510E-24
 0.26351597E+03  0.31913733E-24
 0.26432650E+03  0.31912131E-24
 0.26513954E+03  0.31910702E-24
 0.26595507E+03  0.31909450E-24
 0.26677311E+03  0.31908373E-24
 0.26759366E+03  0.31907473E-24
 0.26841674E+03  0.31906750E-24
 0.26924236E+03  0.31906204E-24
 0.27007051E+03  0.31905837E-24
 0.27090121E+03  0.31905649E-24
 0.27173446E+03  0.31905640E-24
 0.27257028E+03  0.31905811E-24
 0.27340866E+03  0.31906162E-24
 0.27424963E+03  0.31906695E-24
 0.27509318E+03  0.31907410E-24
 0.27593933E+03  0.31908307E-24
 0.27678808E+03  0.31909387E-24
 0.27763944E+03  0.31910651E-24
 0.27849342E+03  0.31912099E-24
 0.27935003E+03  0.31913732E-24
 0.28020927E+03  0.31915551E-24
 0.28107115E+03  0.31917555E-24
 0.28193569E+03  0.31919747E-24
 0.28280288E+03  0.31922125E-24
 0.28367274E+03  0.31924692E-24
 0.28454528E+03  0.31927447E-24
 0.28542050E+03  0.31930391E-24
 0.28629841E+03  0.31933525E-24
 0.28717903E+03  0.31936850E-24
 0.28806235E+03  0.31940366E-24
 0.28894839E+03  0.31944073E-24
 0.28983715E+03  0.31947973E-24
 0.29072865E+03  0.31952066E-24
 0.29162289E+03  0.31956353E-24
 0.29251988E+03  0.31960834E-24
 0.29341963E+03  0.31965510E-24
 0.29432215E+03  0.31970382E-24
 0.29522744E+03  0.31975450E-24
 0.29613552E+03  0.31980715E-24
 0.29704639E+03  0.31986177E-24
 0.29796006E+03  0.31991838E-24
 0.29887654E+03  0.31997698E-24
 0.29979584E+03  0.32003758E-24
 0.30071797E+03  0.32010017E-24
 0.30164294E+03  0.32016478E-24
 0.30257075E+03  0.32023140E-24
 0.30350142E+03  0.32030005E-24
 0.30443494E+03  0.32037073E-24
 0.30537134E+03  0.32044344E-24
 0.30631062E+03  0.32051820E-24
 0.30725279E+03  0.32059501E-24
 0.30819785E+03  0.32067387E-24
 0.30914583E+03  0.32075480E-24
 0.31009672E+03  0.32083781E-24
 0.31105053E+03  0.32092289E-24
 0.31200728E+03  0.32101005E-24
 0.31296697E+03  0.32109931E-24
 0.31392961E+03  0.32119067E-24
 0.31489521E+03  0.32128414E-24
 0.31586378E+03  0.32137972E-24
 0.31683534E+03  0.32147742E-24
 0.31780988E+03  0.32157725E-24
 0.31878741E+03  0.32167921E-24
 0.31976796E+03  0.32178332E-24
 0.32075152E+03  0.32188958E-24
 0.32173811E+03  0.32199799E-24
 0.32272773E+03  0.32210857E-24
 0.32372039E+03  0.32222133E-24
 0.32471611E+03  0.32233626E-24
 0.32571489E+03  0.32245338E-24
 0.32671674E+03  0.32257269E-24
 0.32772168E+03  0.32269421E-24
 0.32872970E+03  0.32281794E-24
 0.32974083E+03  0.32294389E-24
 0.33075506E+03  0.32307206E-24
 0.33177242E+03  0.32320246E-24
 0.33279290E+03  0.32333511E-24
 0.33381653E+03  0.32347000E-24
 0.33484330E+03  0.32360716E-24
 0.33587323E+03  0.32374657E-24
 0.33690633E+03  0.32388826E-24
 0.33794261E+03  0.32403223E-24
 0.33898207E+03  0.32417849E-24
 0.34002473E+03  0.32432705E-24
 0.34107060E+03  0.32447792E-24
 0.34211968E+03  0.32463109E-24
 0.34317199E+03  0.32478660E-24
 0.34422754E+03  0.32494443E-24
 0.34528634E+03  0.32510460E-24
 0.34634839E+03  0.32526713E-24
 0.34741371E+03  0.32543201E-24
 0.34848230E+03  0.32559926E-24
 0.34955418E+03  0.32576889E-24
 0.35062936E+03  0.32594090E-24
 0.35170785E+03  0.32611531E-24
 0.35278965E+03  0.32629212E-24
 0.35387478E+03  0.32647135E-24
 0.35496325E+03  0.32665301E-24
 0.35605507E+03  0.32683711E-24
 0.35715024E+03  0.32702365E-24
 0.35824879E+03  0.32721265E-24
 0.35935071E+03  0.32740413E-24
 0.36045602E+03  0.32759808E-24
 0.36156473E+03  0.32779454E-24
 0.36267685E+03  0.32799350E-24
 0.36379240E+03  0.32819498E-24
 0.36491137E+03  0.32839899E-24
 0.36603379E+03  0.32860556E-24
 0.36715965E+03  0.32881470E-24
 0.36828898E+03  0.32902642E-24
 0.36942179E+03  0.32924074E-24
 0.37055808E+03  0.32945768E-24
 0.37169786E+03  0.32967726E-24
 0.37284115E+03  0.32989950E-24
 0.37398796E+03  0.33012443E-24
 0.37513829E+03  0.33035207E-24
 0.37629216E+03  0.33058246E-24
 0.37744959E+03  0.33081561E-24
 0.37861057E+03  0.33105157E-24
 0.37977512E+03  0.33129038E-24
 0.38094325E+03  0.33153207E-24
 0.38211498E+03  0.33177671E-24
 0.38329031E+03  0.33202434E-24
 0.38446926E+03  0.33227503E-24
 0.38565183E+03  0.33252885E-24
 0.38683804E+03  0.33278590E-24
 0.38802790E+03  0.33304627E-24
 0.38922142E+03  0.33331009E-24
 0.39041861E+03  0.33357750E-24
 0.39161948E+03  0.33384868E-24
 0.39282405E+03  0.33412383E-24
 0.39403232E+03  0.33440323E-24
 0.39524431E+03  0.33468719E-24
 0.39646002E+03  0.33497614E-24
 0.39767948E+03  0.33527058E-24
 0.39890268E+03  0.33557121E-24
 0.40012965E+03  0.33587891E-24
 0.40136039E+03  0.33619488E-24
 0.40259492E+03  0.33652073E-24
 0.40383324E+03  0.33685873E-24
 0.40507538E+03  0.33721210E-24
 0.40632133E+03  0.33758559E-24
 0.40757112E+03  0.33798637E-24
 0.40882475E+03  0.33842581E-24
 0.41008224E+03  0.33892274E-24
 0.41134359E+03  0.33951021E-24
 0.41260883E+03  0.34025082E-24
 0.41387795E+03  0.34127517E-24
 0.41515098E+03  0.34289479E-24
 0.41642793E+03  0.34601444E-24
 0.41770880E+03  0.35426140E-24
 0.41899361E+03  0.39572328E-24
 0.42028238E+03  0.58881534E-23
 0.42157511E+03  0.38849520E-24
 0.42287181E+03  0.35384091E-24
 0.42417251E+03  0.34712551E-24
 0.42547720E+03  0.34494907E-24
 0.42678591E+03  0.34412019E-24
 0.42809864E+03  0.34382812E-24
 0.42941541E+03  0.34379170E-24
 0.43073623E+03  0.34389286E-24
 0.43206111E+03  0.34407509E-24
 0.43339007E+03  0.34430862E-24
 0.43472312E+03  0.34457657E-24
 0.43606027E+03  0.34486882E-24
 0.43740153E+03  0.34517898E-24
 0.43874691E+03  0.34550289E-24
 0.44009643E+03  0.34583774E-24
 0.44145011E+03  0.34618155E-24
 0.44280795E+03  0.34653295E-24
 0.44416996E+03  0.34689092E-24
 0.44553616E+03  0.34725472E-24
 0.44690657E+03  0.34762378E-24
 0.44828119E+03  0.34799767E-24
 0.44966004E+03  0.34837608E-24
 0.45104313E+03  0.34875873E-24
 0.45243047E+03  0.34914544E-24
 0.45382209E+03  0.34953603E-24
 0.45521798E+03  0.34993038E-24
 0.45661816E+03  0.35032840E-24
 0.45802266E+03  0.35072998E-24
 0.45943147E+03  0.35113508E-24
 0.46084462E+03  0.35154364E-24
 0.46226211E+03  0.35195560E-24
 0.46368396E+03  0.35237094E-24
 0.46511019E+03  0.35278962E-24
 0.46654080E+03  0.35321163E-24
 0.46797581E+03  0.35363694E-24
 0.46941524E+03  0.35406554E-24
 0.47085910E+03  0.35449741E-24
 0.47230739E+03  0.35493255E-24
 0.47376014E+03  0.35537095E-24
 0.47521736E+03  0.35581261E-24
 0.47667906E+03  0.35625751E-24
 0.47814526E+03  0.35670567E-24
 0.47961597E+03  0.35715707E-24
 0.48109120E+03  0.35761173E-24
 0.48257096E+03  0.35806963E-24
 0.48405528E+03  0.35853079E-24
 0.48554417E+03  0.35899520E-24
 0.48703763E+03  0.35946288E-24
 0.48853569E+03  0.35993381E-24
 0.49003836E+03  0.36040801E-24
 0.49154565E+03  0.36088549E-24
 0.49305757E+03  0.36136624E-24
 0.49457415E+03  0.36185027E-24
 0.49609539E+03  0.36233760E-24
 0.49762131E+03  0.36282821E-24
 0.49915192E+03  0.36332213E-24
 0.50068724E+03  0.36381935E-24
 0.50222728E+03  0.36431989E-24
 0.50377206E+03  0.36482375E-24
 0.50532159E+03  0.36533094E-24
 0.50687589E+03  0.36584146E-24
 0.50843497E+03  0.36635532E-24
 0.50999884E+03  0.36687253E-24
 0.51156753E+03  0.36739310E-24
 0.51314103E+03  0.36791704E-24
 0.51471938E+03  0.36844434E-24
 0.51630259E+03  0.36897502E-24
 0.51789066E+03  0.36950910E-24
 0.51948362E+03  0.37004656E-24
 0.52108148E+03  0.37058743E-24
 0.52268425E+03  0.37113171E-24
 0.52429195E+03  0.37167941E-24
 0.52590460E+03  0.37223053E-24
 0.52752221E+03  0.37278509E-24
 0.52914479E+03  0.37334310E-24
 0.53077236E+03  0.37390455E-24
 0.53240495E+03  0.37446946E-24
 0.53404255E+03  0.37503784E-24
 0.53568519E+03  0.37560970E-24
 0.53733288E+03  0.37618504E-24
 0.53898564E+03  0.37676387E-24
 0.54064348E+03  0.37734620E-24
 0.54230642E+03  0.37793205E-24
 0.54397448E+03  0.37852141E-24
 0.54564767E+03  0.37911429E-24
 0.54732600E+03  0.37971071E-24
 0.54900950E+03  0.38031067E-24
 0.55069818E+03  0.38091419E-24
 0.55239205E+03  0.38152126E-24
 0.55409112E+03  0.38213190E-24
 0.55579543E+03  0.38274612E-24
 0.55750498E+03  0.38336392E-24
 0.55921978E+03  0.38398532E-24
 0.56093986E+03  0.38461032E-24
 0.56266524E+03  0.38523893E-24
 0.56439591E+03  0.38587116E-24
 0.56613192E+03  0.38650701E-24
 0.56787326E+03  0.38714651E-24
 0.56961995E+03  0.38778965E-24
 0.57137202E+03  0.38843644E-24
 0.57312948E+03  0.38908690E-24
 0.57489235E+03  0.38974103E-24
 0.57666064E+03  0.39039884E-24
 0.57843436E+03  0.39106034E-24
 0.58021354E+03  0.39172554E-24
 0.58199820E+03  0.39239444E-24
 0.58378834E+03  0.39306706E-24
 0.58558399E+03  0.39374340E-24
 0.58738517E+03  0.39442348E-24
 0.58919188E+03  0.39510729E-24
 0.59100415E+03  0.39579486E-24
 0.59282199E+03  0.39648619E-24
 0.59464543E+03  0.39718129E-24
 0.59647448E+03  0.39788016E-24
 0.59830915E+03  0.39858282E-24
 0.60014946E+03  0.39928927E-24
 0.60199543E+03  0.39999953E-24
 0.60384709E+03  0.40071360E-24
 0.60570443E+03  0.40143150E-24
 0.60756750E+03  0.40215322E-24
 0.60943629E+03  0.40287879E-24
 0.61131083E+03  0.40360820E-24
 0.61319113E+03  0.40434147E-24
 0.61507722E+03  0.40507861E-24
 0.61696911E+03  0.40581962E-24
 0.61886682E+03  0.40656452E-24
 0.62077037E+03  0.40731332E-24
 0.62267977E+03  0.40806601E-24
 0.62459504E+03  0.40882262E-24
 0.62651621E+03  0.40958315E-24
 0.62844328E+03  0.41034761E-24
 0.63037629E+03  0.41111601E-24
 0.63231523E+03  0.41188836E-24
 0.63426014E+03  0.41266467E-24
 0.63621104E+03  0.41344494E-24
 0.63816793E+03  0.41422920E-24
 0.64013085E+03  0.41501743E-24
 0.64209980E+03  0.41580966E-24
 0.64407481E+03  0.41660590E-24
 0.64605589E+03  0.41740615E-24
 0.64804307E+03  0.41821042E-24
 0.65003635E+03  0.41901873E-24
 0.65203577E+03  0.41983107E-24
 0.65404134E+03  0.42064747E-24
 0.65605308E+03  0.42146793E-24
 0.65807101E+03  0.42229246E-24
 0.66009514E+03  0.42312106E-24
 0.66212550E+03  0.42395376E-24
 0.66416210E+03  0.42479055E-24
 0.66620497E+03  0.42563145E-24
 0.66825412E+03  0.42647647E-24
 0.67030958E+03  0.42732561E-24
 0.67237136E+03  0.42817889E-24
 0.67443947E+03  0.42903632E-24
 0.67651395E+03  0.42989790E-24
 0.67859481E+03  0.43076364E-24
 0.68068208E+03  0.43163356E-24
 0.68277576E+03  0.43250766E-24
 0.68487588E+03  0.43338596E-24
 0.68698246E+03  0.43426846E-24
 0.68909552E+03  0.43515518E-24
 0.69121508E+03  0.43604611E-24
 0.69334116E+03  0.43694128E-24
 0.69547378E+03  0.43784069E-24
 0.69761296E+03  0.43874435E-24
 0.69975872E+03  0.43965228E-24
 0.70191107E+03  0.44056447E-24
 0.70407005E+03  0.44148095E-24
 0.70623567E+03  0.44240172E-24
 0.70840795E+03  0.44332679E-24
 0.71058691E+03  0.44425618E-24
 0.71277258E+03  0.44518988E-24
 0.71496497E+03  0.44612791E-24
 0.71716410E+03  0.44707029E-24
 0.71936999E+03  0.44801702E-24
 0.72158267E+03  0.44896811E-24
 0.72380216E+03  0.44992357E-24
 0.72602847E+03  0.45088341E-24
 0.72826163E+03  0.45184764E-24
 0.73050166E+03  0.45281628E-24
 0.73274858E+03  0.45378933E-24
 0.73500241E+03  0.45476680E-24
 0.73726317E+03  0.45574870E-24
 0.73953089E+03  0.45673505E-24
 0.74180558E+03  0.45772585E-24
 0.74408727E+03  0.45872112E-24
 0.74637598E+03  0.45972086E-24
 0.74867172E+03  0.46072508E-24
 0.75097453E+03  0.46173380E-24
 0.75328442E+03  0.46274703E-24
 0.75560142E+03  0.46376477E-24
 0.75792554E+03  0.46478704E-24
 0.76025681E+03  0.46581386E-24
 0.76259525E+03  0.46684522E-24
 0.76494089E+03  0.46788114E-24
 0.76729374E+03  0.46892163E-24
 0.76965382E+03  0.46996671E-24
 0.77202117E+03  0.47101638E-24
 0.77439580E+03  0.47207065E-24
 0.77677773E+03  0.47312955E-24
 0.77916699E+03  0.47419308E-24
 0.78156359E+03  0.47526125E-24
 0.78396757E+03  0.47633407E-24
 0.78637895E+03  0.47741157E-24
 0.78879774E+03  0.47849374E-24
 0.79122397E+03  0.47958062E-24
 0.79365766E+03  0.48067221E-24
 0.79609884E+03  0.48176854E-24
 0.79854752E+03  0.48286962E-24
 0.80100374E+03  0.48397547E-24
 0.80346752E+03  0.48508613E-24
 0.80593887E+03  0.48620162E-24
 0.80841782E+03  0.48732199E-24
 0.81090440E+03  0.48844729E-24
 0.81339863E+03  0.48957760E-24
 0.81590052E+03  0.49071304E-24
 0.81841012E+03  0.49185377E-24
 0.82092743E+03  0.49300009E-24
 0.82345249E+03  0.49415249E-24
 0.82598531E+03  0.49531196E-24
 0.82852592E+03  0.49648057E-24
 0.83107435E+03  0.49766362E-24
 0.83363062E+03  0.49887783E-24
 0.83619475E+03  0.50020307E-24
 0.83876676E+03  0.50268931E-24
 0.84134669E+03  0.50824041E-24
 0.84393456E+03  0.50386977E-24
 0.84653038E+03  0.50480974E-24
 0.84913419E+03  0.50594498E-24
 0.85174600E+03  0.50712303E-24
 0.85436585E+03  0.50831839E-24
 0.85699376E+03  0.50952389E-24
 0.85962975E+03  0.51073692E-24
 0.86227385E+03  0.51195634E-24
 0.86492608E+03  0.51318158E-24
 0.86758647E+03  0.51441236E-24
 0.87025504E+03  0.51564851E-24
 0.87293182E+03  0.51688993E-24
 0.87561684E+03  0.51813656E-24
 0.87831011E+03  0.51938838E-24
 0.88101167E+03  0.52064536E-24
 0.88372154E+03  0.52190749E-24
 0.88643974E+03  0.52317478E-24
 0.88916630E+03  0.52444722E-24
 0.89190125E+03  0.52572481E-24
 0.89464461E+03  0.52700757E-24
 0.89739641E+03  0.52829549E-24
 0.90015667E+03  0.52958859E-24
 0.90292543E+03  0.53088687E-24
 0.90570270E+03  0.53219036E-24
 0.90848851E+03  0.53349905E-24
 0.91128289E+03  0.53481295E-24
 0.91408587E+03  0.53613209E-24
 0.91689747E+03  0.53745647E-24
 0.91971771E+03  0.53878610E-24
 0.92254664E+03  0.54012099E-24
 0.92538426E+03  0.54146116E-24
 0.92823061E+03  0.54280662E-24
 0.93108571E+03  0.54415738E-24
 0.93394960E+03  0.54551345E-24
 0.93682230E+03  0.54687485E-24
 0.93970383E+03  0.54824159E-24
 0.94259423E+03  0.54961368E-24
 0.94549351E+03  0.55099114E-24
 0.94840172E+03  0.55237397E-24
 0.95131886E+03  0.55376219E-24
 0.95424499E+03  0.55515581E-24
 0.95718011E+03  0.55655485E-24
 0.96012426E+03  0.55795932E-24
 0.96307746E+03  0.55936923E-24
 0.96603975E+03  0.56078460E-24
 0.96901115E+03  0.56220543E-24
 0.97199169E+03  0.56363175E-24
 0.97498140E+03  0.56506357E-24
 0.97798031E+03  0.56650089E-24
 0.98098844E+03  0.56794373E-24
 0.98400582E+03  0.56939211E-24
 0.98703248E+03  0.57084604E-24
 0.99006845E+03  0.57230554E-24
 0.99311376E+03  0.57377061E-24
 0.99616844E+03  0.57524127E-24
 0.99923251E+03  0.57671753E-24
 0.10023060E+04  0.57819941E-24
 0.10053890E+04  0.57968693E-24
 0.10084814E+04  0.58118009E-24
 0.10115833E+04  0.58267891E-24
 0.10146948E+04  0.58418341E-24
 0.10178159E+04  0.58569359E-24
 0.10209465E+04  0.58720948E-24
 0.10240868E+04  0.58873108E-24
 0.10272368E+04  0.59025841E-24
 0.10303964E+04  0.59179149E-24
 0.10335658E+04  0.59333033E-24
 0.10367449E+04  0.59487494E-24
 0.10399337E+04  0.59642534E-24
 0.10431324E+04  0.59798154E-24
 0.10463410E+04  0.59954356E-24
 0.10495594E+04  0.60111141E-24
 0.10527876E+04  0.60268511E-24
 0.10560259E+04  0.60426467E-24
 0.10592741E+04  0.60585010E-24
 0.10625322E+04  0.60744143E-24
 0.10658004E+04  0.60903866E-24
 0.10690787E+04  0.61064181E-24
 0.10723670E+04  0.61225090E-24
 0.10756655E+04  0.61386593E-24
 0.10789741E+04  0.61548693E-24
 0.10822928E+04  0.61711392E-24
 0.10856218E+04  0.61874690E-24
 0.10889610E+04  0.62038589E-24
 0.10923105E+04  0.62203090E-24
 0.10956703E+04  0.62368196E-24
 0.10990404E+04  0.62533907E-24
 0.11024209E+04  0.62700226E-24
 0.11058118E+04  0.62867154E-24
 0.11092131E+04  0.63034691E-24
 0.11126249E+04  0.63202841E-24
 0.11160472E+04  0.63371604E-24
 0.11194800E+04  0.63540982E-24
 0.11229234E+04  0.63710977E-24
 0.11263773E+04  0.63881590E-24
 0.11298419E+04  0.64052823E-24
 0.11333171E+04  0.64224677E-24
 0.11368030E+04  0.64397155E-24
 0.11402997E+04  0.64570257E-24
 0.11438071E+04  0.64743985E-24
 0.11473253E+04  0.64918340E-24
 0.11508543E+04  0.65093326E-24
 0.11543942E+04  0.65268942E-24
 0.11579449E+04  0.65445191E-24
 0.11615066E+04  0.65622075E-24
 0.11650792E+04  0.65799594E-24
 0.11686628E+04  0.65977752E-24
 0.11722575E+04  0.66156548E-24
 0.11758632E+04  0.66335986E-24
 0.11794800E+04  0.66516066E-24
 0.11831079E+04  0.66696791E-24
 0.11867469E+04  0.66878162E-24
 0.11903972E+04  0.67060181E-24
 0.11940587E+04  0.67242849E-24
 0.11977314E+04  0.67426169E-24
 0.12014155E+04  0.67610141E-24
 0.12051109E+04  0.67794769E-24
 0.12088176E+04  0.67980054E-24
 0.12125358E+04  0.68165997E-24
 0.12162654E+04  0.68352601E-24
 0.12200064E+04  0.68539869E-24
 0.12237590E+04  0.68727801E-24
 0.12275231E+04  0.68916402E-24
 0.12312988E+04  0.69105675E-24
 0.12350861E+04  0.69295626E-24
 0.12388850E+04  0.69486262E-24
 0.12426957E+04  0.69677600E-24
 0.12465180E+04  0.69869678E-24
 0.12503521E+04  0.70062613E-24
 0.12541981E+04  0.70256948E-24
 0.12580558E+04  0.70459503E-24
 0.12619254E+04  0.70692948E-24
 0.12658069E+04  0.70841896E-24
 0.12697003E+04  0.71036042E-24
 0.12736058E+04  0.71232294E-24
 0.12775232E+04  0.71429512E-24
 0.12814527E+04  0.71627509E-24
 0.12853942E+04  0.71826235E-24
 0.12893479E+04  0.72025673E-24
 0.12933138E+04  0.72225817E-24
 0.12972918E+04  0.72426663E-24
 0.13012821E+04  0.72628213E-24
 0.13052847E+04  0.72830466E-24
 0.13092995E+04  0.73033424E-24
 0.13133268E+04  0.73237088E-24
 0.13173664E+04  0.73441460E-24
 0.13214184E+04  0.73646541E-24
 0.13254829E+04  0.73852332E-24
 0.13295599E+04  0.74058837E-24
 0.13336494E+04  0.74266056E-24
 0.13377515E+04  0.74473992E-24
 0.13418663E+04  0.74682646E-24
 0.13459937E+04  0.74892021E-24
 0.13501337E+04  0.75102118E-24
 0.13542866E+04  0.75312939E-24
 0.13584522E+04  0.75524486E-24
 0.13626306E+04  0.75736761E-24
 0.13668218E+04  0.75949766E-24
 0.13710260E+04  0.76163503E-24
 0.13752431E+04  0.76377974E-24
 0.13794731E+04  0.76593181E-24
 0.13837162E+04  0.76809126E-24
 0.13879723E+04  0.77025811E-24
 0.13922415E+04  0.77243238E-24
 0.13965238E+04  0.77461409E-24
 0.14008193E+04  0.77680327E-24
 0.14051281E+04  0.77899992E-24
 0.14094500E+04  0.78120407E-24
 0.14137853E+04  0.78341574E-24
 0.14181339E+04  0.78563496E-24
 0.14224959E+04  0.78786174E-24
 0.14268713E+04  0.79009610E-24
 0.14312601E+04  0.79233807E-24
 0.14356625E+04  0.79458766E-24
 0.14400784E+04  0.79684490E-24
 0.14445079E+04  0.79910981E-24
 0.14489510E+04  0.80138241E-24
 0.14534077E+04  0.80366271E-24
 0.14578782E+04  0.80595074E-24
 0.14623624E+04  0.80824653E-24
 0.14668604E+04  0.81055022E-24
 0.14713723E+04  0.81286178E-24
 0.14758980E+04  0.81518115E-24
 0.14804377E+04  0.81750837E-24
 0.14849913E+04  0.81984344E-24
 0.14895589E+04  0.82218639E-24
 0.14941406E+04  0.82453724E-24
 0.14987364E+04  0.82689602E-24
 0.15033463E+04  0.82926275E-24
 0.15079703E+04  0.83163744E-24
 0.15126086E+04  0.83402013E-24
 0.15172612E+04  0.83641083E-24
 0.15219281E+04  0.83880957E-24
 0.15266093E+04  0.84121636E-24
 0.15313050E+04  0.84363123E-24
 0.15360150E+04  0.84605421E-24
 0.15407396E+04  0.84848531E-24
 0.15454787E+04  0.85092456E-24
 0.15502324E+04  0.85337198E-24
 0.15550007E+04  0.85582779E-24
 0.15597836E+04  0.85829377E-24
 0.15645813E+04  0.86076799E-24
 0.15693937E+04  0.86325047E-24
 0.15742210E+04  0.86574123E-24
 0.15790630E+04  0.86824029E-24
 0.15839200E+04  0.87074768E-24
 0.15887919E+04  0.87326342E-24
 0.15936788E+04  0.87578753E-24
 0.15985807E+04  0.87832005E-24
 0.16034978E+04  0.88086098E-24
 0.16084299E+04  0.88341036E-24
 0.16133772E+04  0.88596821E-24
 0.16183397E+04  0.88853456E-24
 0.16233175E+04  0.89110942E-24
 0.16283106E+04  0.89369283E-24
 0.16333190E+04  0.89628480E-24
 0.16383429E+04  0.89888537E-24
 0.16433822E+04  0.90149457E-24
 0.16484370E+04  0.90411241E-24
 0.16535074E+04  0.90673895E-24
 0.16585933E+04  0.90937424E-24
 0.16636949E+04  0.91201837E-24
 0.16688122E+04  0.91467165E-24
 0.16739452E+04  0.91733571E-24
 0.16790941E+04  0.92005892E-24
 0.16842587E+04  0.92269854E-24
 0.16894393E+04  0.92537119E-24
 0.16946357E+04  0.92806618E-24
 0.16998482E+04  0.93077123E-24
 0.17050767E+04  0.93348548E-24
 0.17103213E+04  0.93620876E-24
 0.17155820E+04  0.93894105E-24
 0.17208588E+04  0.94168235E-24
 0.17261520E+04  0.94443268E-24
 0.17314614E+04  0.94719205E-24
 0.17367871E+04  0.94996050E-24
 0.17421292E+04  0.95273804E-24
 0.17474877E+04  0.95552470E-24
 0.17528628E+04  0.95832051E-24
 0.17582543E+04  0.96112549E-24
 0.17636625E+04  0.96393966E-24
 0.17690872E+04  0.96676306E-24
 0.17745287E+04  0.96959571E-24
 0.17799869E+04  0.97243763E-24
 0.17854619E+04  0.97528886E-24
 0.17909537E+04  0.97814942E-24
 0.17964624E+04  0.98101933E-24
 0.18019881E+04  0.98389863E-24
 0.18075308E+04  0.98678734E-24
 0.18130905E+04  0.98968548E-24
 0.18186673E+04  0.99259309E-24
 0.18242612E+04  0.99551020E-24
 0.18298724E+04  0.99843682E-24
 0.18355008E+04  0.10013730E-23
 0.18411466E+04  0.10043187E-23
 0.18468097E+04  0.10072741E-23
 0.18524902E+04  0.10102390E-23
 0.18581882E+04  0.10132137E-23
 0.18639037E+04  0.10161980E-23
 0.18696368E+04  0.10191920E-23
 0.18753876E+04  0.10221958E-23
 0.18811560E+04  0.10252093E-23
 0.18869422E+04  0.10282327E-23
 0.18927461E+04  0.10312659E-23
 0.18985679E+04  0.10343089E-23
 0.19044077E+04  0.10373618E-23
 0.19102653E+04  0.10404246E-23
 0.19161411E+04  0.10434974E-23
 0.19220348E+04  0.10465801E-23
 0.19279467E+04  0.10496728E-23
 0.19338768E+04  0.10527756E-23
 0.19398252E+04  0.10558884E-23
 0.19457918E+04  0.10590188E-23
 0.19517768E+04  0.10621626E-23
 0.19577802E+04  0.10653165E-23
 0.19638020E+04  0.10684806E-23
 0.19698424E+04  0.10716548E-23
 0.19759013E+04  0.10748392E-23
 0.19819789E+04  0.10780339E-23
 0.19880752E+04  0.10812388E-23
 0.19941903E+04  0.10844541E-23
 0.20003241E+04  0.10876796E-23
 0.20064768E+04  0.10909155E-23
 0.20126484E+04  0.10941618E-23
 0.20188391E+04  0.10974186E-23
 0.20250487E+04  0.11006857E-23
 0.20312775E+04  0.11039634E-23
 0.20375254E+04  0.11072515E-23
 0.20437926E+04  0.11105502E-23
 0.20500790E+04  0.11138595E-23
 0.20563847E+04  0.11171793E-23
 0.20627099E+04  0.11205099E-23
 0.20690545E+04  0.11238510E-23
 0.20754186E+04  0.11272029E-23
 0.20818023E+04  0.11305656E-23
 0.20882056E+04  0.11339392E-23
 0.20946286E+04  0.11373246E-23
 0.21010714E+04  0.11457823E-23
 0.21075340E+04  0.11441255E-23
 0.21140165E+04  0.11475408E-23
 0.21205189E+04  0.11509682E-23
 0.21270413E+04  0.11544067E-23
 0.21335838E+04  0.11578563E-23
 0.21401464E+04  0.11613168E-23
 0.21467292E+04  0.11647885E-23
 0.21533322E+04  0.11682712E-23
 0.21599556E+04  0.11717650E-23
 0.21665993E+04  0.11752700E-23
 0.21732634E+04  0.11787862E-23
 0.21799481E+04  0.11823135E-23
 0.21866533E+04  0.11858522E-23
 0.21933791E+04  0.11894021E-23
 0.22001256E+04  0.11929633E-23
 0.22068929E+04  0.11965359E-23
 0.22136810E+04  0.12001199E-23
 0.22204900E+04  0.12037153E-23
 0.22273199E+04  0.12073221E-23
 0.22341708E+04  0.12109404E-23
 0.22410428E+04  0.12145703E-23
 0.22479359E+04  0.12182117E-23
 0.22548503E+04  0.12218647E-23
 0.22617859E+04  0.12255293E-23
 0.22687428E+04  0.12292055E-23
 0.22757211E+04  0.12328935E-23
 0.22827209E+04  0.12365932E-23
 0.22897422E+04  0.12403047E-23
 0.22967852E+04  0.12440279E-23
 0.23038497E+04  0.12477630E-23
 0.23109361E+04  0.12515100E-23
 0.23180442E+04  0.12552688E-23
 0.23251741E+04  0.12590396E-23
 0.23323261E+04  0.12628224E-23
 0.23395000E+04  0.12666172E-23
 0.23466959E+04  0.12704240E-23
 0.23539140E+04  0.12742430E-23
 0.23611543E+04  0.12780740E-23
 0.23684169E+04  0.12819172E-23
 0.23757018E+04  0.12857726E-23
 0.23830091E+04  0.12896402E-23
 0.23903389E+04  0.12935201E-23
 0.23976913E+04  0.12974123E-23
 0.24050662E+04  0.13013168E-23
 0.24124639E+04  0.13052338E-23
 0.24198843E+04  0.13091631E-23
 0.24273275E+04  0.13131049E-23
 0.24347936E+04  0.13170591E-23
 0.24422827E+04  0.13210259E-23
 0.24497948E+04  0.13250053E-23
 0.24573300E+04  0.13289973E-23
 0.24648884E+04  0.13330019E-23
 0.24724701E+04  0.13370192E-23
 0.24800750E+04  0.13410492E-23
 0.24877034E+04  0.13450920E-23
 0.24953552E+04  0.13491475E-23
 0.25030306E+04  0.13532160E-23
 0.25107295E+04  0.13572974E-23
 0.25184522E+04  0.13613949E-23
 0.25261986E+04  0.13654998E-23
 0.25339688E+04  0.13696187E-23
 0.25417630E+04  0.13737517E-23
 0.25495811E+04  0.13778979E-23
 0.25574232E+04  0.13820572E-23
 0.25652895E+04  0.13862296E-23
 0.25731799E+04  0.13904152E-23
 0.25810947E+04  0.13946141E-23
 0.25890338E+04  0.13988262E-23
 0.25969973E+04  0.14030517E-23
 0.26049852E+04  0.14072905E-23
 0.26129978E+04  0.14115426E-23
 0.26210350E+04  0.14158082E-23
 0.26290970E+04  0.14200873E-23
 0.26371837E+04  0.14243799E-23
 0.26452953E+04  0.14286860E-23
 0.26534318E+04  0.14330057E-23
 0.26615934E+04  0.14373390E-23
 0.26697801E+04  0.14416861E-23
 0.26779920E+04  0.14460468E-23
 0.26862291E+04  0.14504213E-23
 0.26944915E+04  0.14548096E-23
 0.27027794E+04  0.14592117E-23
 0.27110928E+04  0.14636277E-23
 0.27194317E+04  0.14680577E-23
 0.27277963E+04  0.14725016E-23
 0.27361866E+04  0.14769595E-23
 0.27446027E+04  0.14814315E-23
 0.27530448E+04  0.14859175E-23
 0.27615127E+04  0.14904177E-23
 0.27700067E+04  0.14949321E-23
 0.27785269E+04  0.14994607E-23
 0.27870732E+04  0.15040036E-23
 0.27956459E+04  0.15085608E-23
 0.28042449E+04  0.15131323E-23
 0.28128704E+04  0.15177183E-23
 0.28215223E+04  0.15223187E-23
 0.28302010E+04  0.15269335E-23
 0.28389062E+04  0.15315629E-23
 0.28476383E+04  0.15362069E-23
 0.28563972E+04  0.15408655E-23
 0.28651831E+04  0.15455388E-23
 0.28739960E+04  0.15502267E-23
 0.28828360E+04  0.15549294E-23
 0.28917032E+04  0.15596470E-23
 0.29005977E+04  0.15643793E-23
 0.29095195E+04  0.15691266E-23
 0.29184688E+04  0.15738888E-23
 0.29274456E+04  0.15786660E-23
 0.29364500E+04  0.15834587E-23
 0.29454821E+04  0.15882665E-23
 0.29545420E+04  0.15930879E-23
 0.29636297E+04  0.15979254E-23
 0.29727454E+04  0.16027782E-23
 0.29818892E+04  0.16076462E-23
 0.29910610E+04  0.16125295E-23
 0.30002611E+04  0.16174282E-23
 0.30094895E+04  0.16223423E-23
 0.30187463E+04  0.16272718E-23
 0.30280315E+04  0.16322168E-23
 0.30373453E+04  0.16371774E-23
 0.30466877E+04  0.16421536E-23
 0.30560589E+04  0.16471454E-23
 0.30654589E+04  0.16521528E-23
 0.30748878E+04  0.16571761E-23
 0.30843457E+04  0.16622151E-23
 0.30938327E+04  0.16672699E-23
 0.31033489E+04  0.16723406E-23
 0.31128944E+04  0.16774272E-23
 0.31224692E+04  0.16825298E-23
 0.31320735E+04  0.16876485E-23
 0.31417073E+04  0.16927832E-23
 0.31513708E+04  0.16979340E-23
 0.31610639E+04  0.17031010E-23
 0.31707869E+04  0.17082843E-23
 0.31805398E+04  0.17134838E-23
 0.31903227E+04  0.17186996E-23
 0.32001357E+04  0.17239318E-23
 0.32099788E+04  0.17291805E-23
 0.32198523E+04  0.17344456E-23
 0.32297561E+04  0.17397272E-23
 0.32396903E+04  0.17450254E-23
 0.32496552E+04  0.17503403E-23
 0.32596506E+04  0.17556718E-23
 0.32696769E+04  0.17610200E-23
 0.32797339E+04  0.17663851E-23
 0.32898219E+04  0.17717670E-23
 0.32999410E+04  0.17771657E-23
 0.33100911E+04  0.17825814E-23
 0.33202725E+04  0.17880141E-23
 0.33304852E+04  0.17934639E-23
 0.33407293E+04  0.17989307E-23
 0.33510049E+04  0.18044148E-23
 0.33613121E+04  0.18099414E-23
 0.33716510E+04  0.18154344E-23
 0.33820217E+04  0.18209701E-23
 0.33924243E+04  0.18265232E-23
 0.34028590E+04  0.18320938E-23
 0.34133257E+04  0.18376818E-23
 0.34238246E+04  0.18432873E-23
 0.34343558E+04  0.18489105E-23
 0.34449194E+04  0.18545512E-23
 0.34555154E+04  0.18602097E-23
 0.34661441E+04  0.18658859E-23
 0.34768055E+04  0.18715798E-23
 0.34874996E+04  0.18772917E-23
 0.34982267E+04  0.18830214E-23
 0.35089867E+04  0.18887692E-23
 0.35197799E+04  0.18945349E-23
 0.35306062E+04  0.19003187E-23
 0.35414659E+04  0.19061207E-23
 0.35523589E+04  0.19119408E-23
 0.35632855E+04  0.19177792E-23
 0.35742456E+04  0.19236359E-23
 0.35852395E+04  0.19295110E-23
 0.35962672E+04  0.19354045E-23
 0.36073288E+04  0.19413164E-23
 0.36184244E+04  0.19472469E-23
 0.36295542E+04  0.19531960E-23
 0.36407182E+04  0.19591637E-23
 0.36519165E+04  0.19651501E-23
 0.36631493E+04  0.19711553E-23
 0.36744166E+04  0.19771793E-23
 0.36857186E+04  0.19832222E-23
 0.36970553E+04  0.19892841E-23
 0.37084270E+04  0.19953649E-23
 0.37198336E+04  0.20014648E-23
 0.37312752E+04  0.20075839E-23
 0.37427521E+04  0.20137221E-23
 0.37542643E+04  0.20198795E-23
 0.37658119E+04  0.20260563E-23
 0.37773950E+04  0.20322526E-23
 0.37890137E+04  0.20384680E-23
 0.38006682E+04  0.20447029E-23
 0.38123585E+04  0.20509574E-23
 0.38240848E+04  0.20572316E-23
 0.38358471E+04  0.20635254E-23
 0.38476456E+04  0.20698389E-23
 0.38594804E+04  0.20761723E-23
 0.38713516E+04  0.20825254E-23
 0.38832594E+04  0.20888985E-23
 0.38952037E+04  0.20952916E-23
 0.39071848E+04  0.21017047E-23
 0.39192028E+04  0.21081379E-23
 0.39312577E+04  0.21145913E-23
 0.39433497E+04  0.21210649E-23
 0.39554788E+04  0.21275588E-23
 0.39676453E+04  0.21340730E-23
 0.39798493E+04  0.21406077E-23
 0.39920907E+04  0.21471628E-23
 0.40043698E+04  0.21537385E-23
 0.40166867E+04  0.21603348E-23
 0.40290414E+04  0.21669518E-23
 0.40414342E+04  0.21735895E-23
 0.40538651E+04  0.21802480E-23
 0.40663342E+04  0.21869274E-23
 0.40788417E+04  0.21936278E-23
 0.40913876E+04  0.22003491E-23
 0.41039721E+04  0.22070915E-23
 0.41165954E+04  0.22138551E-23
 0.41292574E+04  0.22206398E-23
 0.41419584E+04  0.22274458E-23
 0.41546985E+04  0.22342732E-23
 0.41674778E+04  0.22411220E-23
 0.41802963E+04  0.22479922E-23
 0.41931543E+04  0.22548840E-23
 0.42060519E+04  0.22617976E-23
 0.42189891E+04  0.22687324E-23
 0.42319661E+04  0.22756893E-23
 0.42449830E+04  0.22826679E-23
 0.42580400E+04  0.22896684E-23
 0.42711371E+04  0.22966908E-23
 0.42842745E+04  0.23037353E-23
 0.42974524E+04  0.23108019E-23
 0.43106707E+04  0.23178906E-23
 0.43239297E+04  0.23250016E-23
 0.43372295E+04  0.23321349E-23
 0.43505702E+04  0.23392905E-23
 0.43639519E+04  0.23464686E-23
 0.43773748E+04  0.23536692E-23
 0.43908390E+04  0.23608924E-23
 0.44043446E+04  0.23681383E-23
 0.44178918E+04  0.23754069E-23
 0.44314806E+04  0.23826983E-23
 0.44451112E+04  0.23900125E-23
 0.44587837E+04  0.23973498E-23
 0.44724983E+04  0.24047100E-23
 0.44862551E+04  0.24120933E-23
 0.45000541E+04  0.24194998E-23
 0.45138957E+04  0.24269296E-23
 0.45277798E+04  0.24343827E-23
 0.45417066E+04  0.24418591E-23
 0.45556762E+04  0.24493590E-23
 0.45696888E+04  0.24568825E-23
 0.45837446E+04  0.24644296E-23
 0.45978435E+04  0.24720004E-23
 0.46119858E+04  0.24795949E-23
 0.46261716E+04  0.24872134E-23
 0.46404011E+04  0.24948556E-23
 0.46546743E+04  0.25025219E-23
 0.46689914E+04  0.25102122E-23
 0.46833526E+04  0.25179268E-23
 0.46977579E+04  0.25256655E-23
 0.47122075E+04  0.25334286E-23
 0.47267016E+04  0.25412160E-23
 0.47412403E+04  0.25490279E-23
 0.47558236E+04  0.25568644E-23
 0.47704519E+04  0.25647254E-23
 0.47851251E+04  0.25726112E-23
 0.47998435E+04  0.25805217E-23
 0.48146071E+04  0.25884571E-23
 0.48294162E+04  0.25964174E-23
 0.48442708E+04  0.26044028E-23
 0.48591711E+04  0.26124132E-23
 0.48741172E+04  0.26204489E-23
 0.48891093E+04  0.26285097E-23
 0.49041475E+04  0.26365960E-23
 0.49192319E+04  0.26447076E-23
 0.49343628E+04  0.26528448E-23
 0.49495402E+04  0.26610075E-23
 0.49647643E+04  0.26691959E-23
 0.49800352E+04  0.26774101E-23
 0.49953531E+04  0.26856501E-23
 0.50107181E+04  0.26939160E-23
 0.50261303E+04  0.27022079E-23
 0.50415900E+04  0.27105269E-23
 0.50570972E+04  0.27188701E-23
 0.50726521E+04  0.27272406E-23
 0.50882549E+04  0.27356373E-23
 0.51039056E+04  0.27440606E-23
 0.51196045E+04  0.27525103E-23
 0.51353517E+04  0.27609866E-23
 0.51511473E+04  0.27694896E-23
 0.51669915E+04  0.27780194E-23
 0.51828844E+04  0.27865761E-23
 0.51988262E+04  0.27951597E-23
 0.52148171E+04  0.28037703E-23
 0.52308571E+04  0.28124080E-23
 0.52469465E+04  0.28210730E-23
 0.52630854E+04  0.28297653E-23
 0.52792739E+04  0.28384849E-23
 0.52955122E+04  0.28472321E-23
 0.53118004E+04  0.28560068E-23
 0.53281387E+04  0.28648091E-23
 0.53445273E+04  0.28736393E-23
 0.53609663E+04  0.28824972E-23
 0.53774559E+04  0.28913831E-23
 0.53939962E+04  0.29002970E-23
 0.54105874E+04  0.29092391E-23
 0.54272296E+04  0.29182093E-23
 0.54439230E+04  0.29272078E-23
 0.54606677E+04  0.29362350E-23
 0.54774639E+04  0.29452902E-23
 0.54943118E+04  0.29543742E-23
 0.55112116E+04  0.29634869E-23
 0.55281633E+04  0.29726283E-23
 0.55451671E+04  0.29817986E-23
 0.55622233E+04  0.29909979E-23
 0.55793319E+04  0.30002262E-23
 0.55964931E+04  0.30094837E-23
 0.56137071E+04  0.30187704E-23
 0.56309741E+04  0.30280865E-23
 0.56482942E+04  0.30374320E-23
 0.56656675E+04  0.30468071E-23
 0.56830943E+04  0.30562118E-23
 0.57005747E+04  0.30656462E-23
 0.57181088E+04  0.30751104E-23
 0.57356969E+04  0.30846046E-23
 0.57533391E+04  0.30941289E-23
 0.57710356E+04  0.31036832E-23
 0.57887865E+04  0.31132678E-23
 0.58065919E+04  0.31228827E-23
 0.58244522E+04  0.31325281E-23
 0.58423674E+04  0.31422042E-23
 0.58603377E+04  0.31519109E-23
 0.58783632E+04  0.31616484E-23
 0.58964443E+04  0.31714167E-23
 0.59145809E+04  0.31812159E-23
 0.59327733E+04  0.31910462E-23
 0.59510217E+04  0.32009077E-23
 0.59693262E+04  0.32108004E-23
 0.59876870E+04  0.32207245E-23
 0.60061042E+04  0.32306801E-23
 0.60245781E+04  0.32406672E-23
 0.60431089E+04  0.32506860E-23
 0.60616966E+04  0.32607366E-23
 0.60803416E+04  0.32708191E-23
 0.60990438E+04  0.32809336E-23
 0.61178036E+04  0.32910803E-23
 0.61366211E+04  0.33012591E-23
 0.61554965E+04  0.33114703E-23
 0.61744299E+04  0.33217139E-23
 0.61934216E+04  0.33319901E-23
 0.62124717E+04  0.33422989E-23
 0.62315804E+04  0.33526406E-23
 0.62507478E+04  0.33630151E-23
 0.62699742E+04  0.33734226E-23
 0.62892598E+04  0.33838632E-23
 0.63086046E+04  0.33943370E-23
 0.63280090E+04  0.34048442E-23
 0.63474731E+04  0.34153848E-23
 0.63669970E+04  0.34259590E-23
 0.63865810E+04  0.34365669E-23
 0.64062252E+04  0.34472085E-23
 0.64259298E+04  0.34578841E-23
 0.64456951E+04  0.34685937E-23
 0.64655211E+04  0.34793375E-23
 0.64854081E+04  0.34901155E-23
 0.65053563E+04  0.35009279E-23
 0.65253659E+04  0.35117749E-23
 0.65454370E+04  0.35226564E-23
 0.65655698E+04  0.35335727E-23
 0.65857646E+04  0.35445239E-23
 0.66060215E+04  0.35555100E-23
 0.66263406E+04  0.35665313E-23
 0.66467223E+04  0.35775877E-23
 0.66671667E+04  0.35886796E-23
 0.66876740E+04  0.35998069E-23
 0.67082443E+04  0.36109698E-23
 0.67288779E+04  0.36221685E-23
 0.67495750E+04  0.36334030E-23
 0.67703357E+04  0.36446735E-23
 0.67911603E+04  0.36559800E-23
 0.68120489E+04  0.36673229E-23
 0.68330018E+04  0.36787020E-23
 0.68540192E+04  0.36901177E-23
 0.68751012E+04  0.37015700E-23
 0.68962480E+04  0.37130591E-23
 0.69174599E+04  0.37245850E-23
 0.69387370E+04  0.37361479E-23
 0.69600796E+04  0.37477480E-23
 0.69814878E+04  0.37593854E-23
 0.70029619E+04  0.37710602E-23
 0.70245020E+04  0.37827725E-23
 0.70461083E+04  0.37945225E-23
 0.70677812E+04  0.38063103E-23
 0.70895207E+04  0.38181361E-23
 0.71113270E+04  0.38300000E-23
 0.71332004E+04  0.38419021E-23
 0.71551412E+04  0.38538426E-23
 0.71771494E+04  0.38658215E-23
 0.71992252E+04  0.38778392E-23
 0.72213690E+04  0.38898956E-23
 0.72435809E+04  0.39019909E-23
 0.72658612E+04  0.39141254E-23
 0.72882099E+04  0.39262990E-23
 0.73106274E+04  0.39385120E-23
 0.73331139E+04  0.39507645E-23
 0.73556695E+04  0.39630567E-23
 0.73782945E+04  0.39753886E-23
 0.74009891E+04  0.39877606E-23
 0.74237535E+04  0.40001726E-23
 0.74465879E+04  0.40126248E-23
 0.74694925E+04  0.40251175E-23
 0.74924676E+04  0.40376507E-23
 0.75155134E+04  0.40502246E-23
 0.75386300E+04  0.40628394E-23
 0.75618178E+04  0.40754952E-23
 0.75850769E+04  0.40881921E-23
 0.76084075E+04  0.41009304E-23
 0.76318099E+04  0.41137102E-23
 0.76552842E+04  0.41265316E-23
 0.76788308E+04  0.41393948E-23
 0.77024498E+04  0.41522999E-23
 0.77261414E+04  0.41652472E-23
 0.77499060E+04  0.41782367E-23
 0.77737436E+04  0.41912688E-23
 0.77976545E+04  0.42043434E-23
 0.78216390E+04  0.42174608E-23
 0.78456972E+04  0.42306211E-23
 0.78698295E+04  0.42438246E-23
 0.78940359E+04  0.42570713E-23
 0.79183169E+04  0.42703615E-23
 0.79426725E+04  0.42836954E-23
 0.79671030E+04  0.42970730E-23
 0.79916087E+04  0.43104946E-23
 0.80161898E+04  0.43239604E-23
 0.80408464E+04  0.43374705E-23
 0.80655789E+04  0.43510251E-23
 0.80903875E+04  0.43646244E-23
 0.81152724E+04  0.43782686E-23
 0.81402338E+04  0.43919579E-23
 0.81652720E+04  0.44056923E-23
 0.81903872E+04  0.44194723E-23
 0.82155797E+04  0.44332978E-23
 0.82408496E+04  0.44471691E-23
 0.82661973E+04  0.44610864E-23
 0.82916230E+04  0.44750499E-23
 0.83171268E+04  0.44890598E-23
 0.83427091E+04  0.45031163E-23
 0.83683701E+04  0.45172196E-23
 0.83941100E+04  0.45313698E-23
 0.84199291E+04  0.45455672E-23
 0.84458276E+04  0.45598120E-23
 0.84718058E+04  0.45741044E-23
 0.84978639E+04  0.45884446E-23
 0.85240021E+04  0.46028327E-23
 0.85502207E+04  0.46172691E-23
 0.85765200E+04  0.46317539E-23
 0.86029001E+04  0.46462874E-23
 0.86293614E+04  0.46608697E-23
 0.86559041E+04  0.46755011E-23
 0.86825285E+04  0.46901818E-23
 0.87092347E+04  0.47049120E-23
 0.87360231E+04  0.47196920E-23
 0.87628938E+04  0.47345219E-23
 0.87898472E+04  0.47494021E-23
 0.88168836E+04  0.47643327E-23
 0.88440030E+04  0.47793140E-23
 0.88712059E+04  0.47943462E-23
 0.88984925E+04  0.48094296E-23
 0.89258630E+04  0.48245644E-23
 0.89533177E+04  0.48397508E-23
 0.89808568E+04  0.48549892E-23
 0.90084807E+04  0.48702797E-23
 0.90361895E+04  0.48856226E-23
 0.90639835E+04  0.49010182E-23
 0.90918630E+04  0.49164668E-23
 0.91198283E+04  0.49319685E-23
 0.91478796E+04  0.49475238E-23
 0.91760172E+04  0.49631328E-23
 0.92042413E+04  0.49787958E-23
 0.92325522E+04  0.49945132E-23
 0.92609503E+04  0.50102851E-23
 0.92894356E+04  0.50261119E-23
 0.93180086E+04  0.50419939E-23
 0.93466695E+04  0.50579314E-23
 0.93754185E+04  0.50739247E-23
 0.94042560E+04  0.50899741E-23
 0.94331821E+04  0.51060799E-23
 0.94621973E+04  0.51222424E-23
 0.94913016E+04  0.51384619E-23
 0.95204955E+04  0.51547388E-23
 0.95497792E+04  0.51710734E-23
 0.95791530E+04  0.51874660E-23
 0.96086171E+04  0.52039171E-23
 0.96381718E+04  0.52204268E-23
 0.96678175E+04  0.52369957E-23
 0.96975543E+04  0.52536240E-23
 0.97273826E+04  0.52703121E-23
 0.97573027E+04  0.52870604E-23
 0.97873147E+04  0.53038693E-23
 0.98174191E+04  0.53207391E-23
 0.98476161E+04  0.53376703E-23
 0.98779060E+04  0.53546633E-23
 0.99082890E+04  0.53717185E-23
 0.99387655E+04  0.53888363E-23
 0.99693357E+04  0.54060171E-23
 0.10000000E+05  0.54232613E-23
