 0.10000000E+01  0.95754012E-13
 0.10030759E+01  0.70881337E-13
 0.10061612E+01  0.56012634E-13
 0.10092560E+01  0.46126298E-13
 0.10123603E+01  0.39079810E-13
 0.10154742E+01  0.33805042E-13
 0.10185976E+01  0.29709828E-13
 0.10217307E+01  0.26439420E-13
 0.10248734E+01  0.23768346E-13
 0.10280258E+01  0.21546438E-13
 0.10311878E+01  0.19669818E-13
 0.10343596E+01  0.18064335E-13
 0.10375412E+01  0.16675646E-13
 0.10407325E+01  0.15463013E-13
 0.10439336E+01  0.14395295E-13
 0.10471446E+01  0.13448284E-13
 0.10503655E+01  0.12602873E-13
 0.10535963E+01  0.11843782E-13
 0.10568370E+01  0.11158644E-13
 0.10600877E+01  0.10537345E-13
 0.10633483E+01  0.99715294E-14
 0.10666191E+01  0.94542389E-14
 0.10698998E+01  0.89796278E-14
 0.10731907E+01  0.85427516E-14
 0.10764917E+01  0.81393988E-14
 0.10798028E+01  0.77659604E-14
 0.10831241E+01  0.74193260E-14
 0.10864557E+01  0.70968002E-14
 0.10897974E+01  0.67960360E-14
 0.10931495E+01  0.65149800E-14
 0.10965119E+01  0.62518283E-14
 0.10998846E+01  0.60049892E-14
 0.11032677E+01  0.57730536E-14
 0.11066612E+01  0.55547689E-14
 0.11100651E+01  0.53490183E-14
 0.11134795E+01  0.51548027E-14
 0.11169044E+01  0.49712257E-14
 0.11203398E+01  0.47974807E-14
 0.11237859E+01  0.46328400E-14
 0.11272425E+01  0.44766454E-14
 0.11307097E+01  0.43282999E-14
 0.11341876E+01  0.41872612E-14
 0.11376762E+01  0.40530351E-14
 0.11411755E+01  0.39251705E-14
 0.11446856E+01  0.38032550E-14
 0.11482065E+01  0.36869105E-14
 0.11517382E+01  0.35757899E-14
 0.11552808E+01  0.34695741E-14
 0.11588343E+01  0.33679690E-14
 0.11623987E+01  0.32707032E-14
 0.11659741E+01  0.31775260E-14
 0.11695605E+01  0.30882053E-14
 0.11731579E+01  0.30025258E-14
 0.11767663E+01  0.29202880E-14
 0.11803859E+01  0.28413062E-14
 0.11840166E+01  0.27654076E-14
 0.11876585E+01  0.26924313E-14
 0.11913115E+01  0.26222272E-14
 0.11949758E+01  0.25546550E-14
 0.11986514E+01  0.24895837E-14
 0.12023383E+01  0.24268904E-14
 0.12060365E+01  0.23664602E-14
 0.12097461E+01  0.23081852E-14
 0.12134671E+01  0.22519641E-14
 0.12171996E+01  0.21977019E-14
 0.12209435E+01  0.21453089E-14
 0.12246989E+01  0.20947009E-14
 0.12284659E+01  0.20457986E-14
 0.12322445E+01  0.19985269E-14
 0.12360347E+01  0.19528154E-14
 0.12398366E+01  0.19085972E-14
 0.12436502E+01  0.18658092E-14
 0.12474755E+01  0.18243918E-14
 0.12513125E+01  0.17842884E-14
 0.12551614E+01  0.17454457E-14
 0.12590221E+01  0.17078127E-14
 0.12628946E+01  0.16713415E-14
 0.12667791E+01  0.16359864E-14
 0.12706756E+01  0.16017040E-14
 0.12745840E+01  0.15684531E-14
 0.12785044E+01  0.15361945E-14
 0.12824369E+01  0.15048910E-14
 0.12863815E+01  0.14745070E-14
 0.12903382E+01  0.14450088E-14
 0.12943071E+01  0.14163641E-14
 0.12982882E+01  0.13885423E-14
 0.13022816E+01  0.13615141E-14
 0.13062872E+01  0.13352515E-14
 0.13103052E+01  0.13097278E-14
 0.13143355E+01  0.12849176E-14
 0.13183782E+01  0.12607965E-14
 0.13224333E+01  0.12373412E-14
 0.13265010E+01  0.12145295E-14
 0.13305811E+01  0.11923400E-14
 0.13346738E+01  0.11707524E-14
 0.13387790E+01  0.11497471E-14
 0.13428969E+01  0.11293055E-14
 0.13470275E+01  0.11094095E-14
 0.13511708E+01  0.10900421E-14
 0.13553268E+01  0.10711868E-14
 0.13594956E+01  0.10528278E-14
 0.13636772E+01  0.10349498E-14
 0.13678716E+01  0.10175385E-14
 0.13720790E+01  0.10005798E-14
 0.13762993E+01  0.98406030E-15
 0.13805326E+01  0.96796718E-15
 0.13847790E+01  0.95228806E-15
 0.13890384E+01  0.93701106E-15
 0.13933108E+01  0.92212477E-15
 0.13975965E+01  0.90761822E-15
 0.14018953E+01  0.89348086E-15
 0.14062073E+01  0.87970255E-15
 0.14105326E+01  0.86627356E-15
 0.14148712E+01  0.85318450E-15
 0.14192231E+01  0.84042636E-15
 0.14235885E+01  0.82799047E-15
 0.14279672E+01  0.81586850E-15
 0.14323594E+01  0.80405242E-15
 0.14367652E+01  0.79253452E-15
 0.14411845E+01  0.78130739E-15
 0.14456173E+01  0.77036389E-15
 0.14500639E+01  0.75969716E-15
 0.14545241E+01  0.74930062E-15
 0.14589980E+01  0.73916792E-15
 0.14634856E+01  0.72929298E-15
 0.14679871E+01  0.71966995E-15
 0.14725024E+01  0.71029321E-15
 0.14770316E+01  0.70115737E-15
 0.14815748E+01  0.69225727E-15
 0.14861319E+01  0.68358794E-15
 0.14907030E+01  0.67514463E-15
 0.14952882E+01  0.66692280E-15
 0.14998875E+01  0.65891809E-15
 0.15045009E+01  0.65112635E-15
 0.15091286E+01  0.64354360E-15
 0.15137704E+01  0.63616607E-15
 0.15184266E+01  0.62899015E-15
 0.15230970E+01  0.62201242E-15
 0.15277819E+01  0.61522964E-15
 0.15324811E+01  0.60863874E-15
 0.15371948E+01  0.60223683E-15
 0.15419230E+01  0.59602117E-15
 0.15466657E+01  0.58998922E-15
 0.15514231E+01  0.58413859E-15
 0.15561950E+01  0.57846709E-15
 0.15609817E+01  0.57297266E-15
 0.15657830E+01  0.56765344E-15
 0.15705991E+01  0.56250775E-15
 0.15754301E+01  0.55753406E-15
 0.15802759E+01  0.55273105E-15
 0.15851366E+01  0.54809756E-15
 0.15900122E+01  0.54363261E-15
 0.15949029E+01  0.53933544E-15
 0.15998086E+01  0.53520546E-15
 0.16047294E+01  0.53124230E-15
 0.16096653E+01  0.52744578E-15
 0.16146164E+01  0.52381595E-15
 0.16195827E+01  0.52035308E-15
 0.16245643E+01  0.51705769E-15
 0.16295613E+01  0.51393053E-15
 0.16345736E+01  0.51097261E-15
 0.16396013E+01  0.50818524E-15
 0.16446445E+01  0.50556999E-15
 0.16497031E+01  0.50312875E-15
 0.16547774E+01  0.50086374E-15
 0.16598673E+01  0.49877754E-15
 0.16649728E+01  0.49687310E-15
 0.16700940E+01  0.49515375E-15
 0.16752310E+01  0.49362330E-15
 0.16803837E+01  0.49228599E-15
 0.16855524E+01  0.49114659E-15
 0.16907369E+01  0.49021043E-15
 0.16959373E+01  0.48948343E-15
 0.17011538E+01  0.48897217E-15
 0.17063863E+01  0.48868396E-15
 0.17116349E+01  0.48862691E-15
 0.17168997E+01  0.48880999E-15
 0.17221806E+01  0.48924314E-15
 0.17274778E+01  0.48993739E-15
 0.17327913E+01  0.49090495E-15
 0.17381211E+01  0.49215936E-15
 0.17434673E+01  0.49371564E-15
 0.17488300E+01  0.49559049E-15
 0.17542091E+01  0.49780247E-15
 0.17596048E+01  0.50037229E-15
 0.17650171E+01  0.50332303E-15
 0.17704460E+01  0.50668051E-15
 0.17758917E+01  0.51047366E-15
 0.17813541E+01  0.51473500E-15
 0.17868333E+01  0.51950112E-15
 0.17923293E+01  0.52481338E-15
 0.17978423E+01  0.53071864E-15
 0.18033722E+01  0.53727017E-15
 0.18089191E+01  0.54452877E-15
 0.18144831E+01  0.55256409E-15
 0.18200642E+01  0.56145630E-15
 0.18256624E+01  0.57129808E-15
 0.18312779E+01  0.58219711E-15
 0.18369106E+01  0.59427926E-15
 0.18425607E+01  0.60769246E-15
 0.18482282E+01  0.62261179E-15
 0.18539131E+01  0.63924592E-15
 0.18596154E+01  0.65784552E-15
 0.18653353E+01  0.67871433E-15
 0.18710728E+01  0.70222394E-15
 0.18768280E+01  0.72883378E-15
 0.18826009E+01  0.75911864E-15
 0.18883915E+01  0.79380723E-15
 0.18941999E+01  0.83383728E-15
 0.19000262E+01  0.88043622E-15
 0.19058704E+01  0.93524227E-15
 0.19117326E+01  0.10004919E-14
 0.19176128E+01  0.10793201E-14
 0.19235111E+01  0.11762619E-14
 0.19294276E+01  0.12981320E-14
 0.19353622E+01  0.14556626E-14
 0.19413151E+01  0.16667906E-14
 0.19472863E+01  0.19639225E-14
 0.19532759E+01  0.24122092E-14
 0.19592839E+01  0.31648816E-14
 0.19653104E+01  0.46880861E-14
 0.19713554E+01  0.93927695E-14
 0.19774190E+01  0.21386623E-12
 0.19835012E+01  0.83185147E-14
 0.19896022E+01  0.41617887E-14
 0.19957219E+01  0.27397819E-14
 0.20018605E+01  0.20223722E-14
 0.20080179E+01  0.15902457E-14
 0.20141943E+01  0.13017223E-14
 0.20203897E+01  0.10956081E-14
 0.20266041E+01  0.94114940E-15
 0.20328377E+01  0.82119858E-15
 0.20390904E+01  0.72543908E-15
 0.20453623E+01  0.64729193E-15
 0.20516536E+01  0.58236380E-15
 0.20579642E+01  0.52760896E-15
 0.20642942E+01  0.48084945E-15
 0.20706437E+01  0.44048661E-15
 0.20770127E+01  0.40532049E-15
 0.20834013E+01  0.37443290E-15
 0.20898095E+01  0.34710928E-15
 0.20962375E+01  0.32278526E-15
 0.21026852E+01  0.30100916E-15
 0.21091528E+01  0.28141525E-15
 0.21156402E+01  0.26370420E-15
 0.21221476E+01  0.24762872E-15
 0.21286750E+01  0.23298270E-15
 0.21352226E+01  0.21959300E-15
 0.21417902E+01  0.20731312E-15
 0.21483780E+01  0.19601828E-15
 0.21549861E+01  0.18560152E-15
 0.21616146E+01  0.17597067E-15
 0.21682634E+01  0.16704586E-15
 0.21749327E+01  0.15875755E-15
 0.21816224E+01  0.15104490E-15
 0.21883328E+01  0.14385450E-15
 0.21950638E+01  0.13713921E-15
 0.22018155E+01  0.13085734E-15
 0.22085880E+01  0.12497185E-15
 0.22153813E+01  0.11944973E-15
 0.22221955E+01  0.11426149E-15
 0.22290306E+01  0.10938070E-15
 0.22358868E+01  0.10478363E-15
 0.22427641E+01  0.10044893E-15
 0.22496625E+01  0.96357357E-16
 0.22565822E+01  0.92491572E-16
 0.22635231E+01  0.88835966E-16
 0.22704854E+01  0.85376545E-16
 0.22774691E+01  0.82100876E-16
 0.22844742E+01  0.78998145E-16
 0.22915009E+01  0.76059392E-16
 0.22985493E+01  0.73278114E-16
 0.23056193E+01  0.70651708E-16
 0.23127110E+01  0.68185033E-16
 0.23198246E+01  0.65900227E-16
 0.23269601E+01  0.63868754E-16
 0.23341175E+01  0.62347838E-16
 0.23412969E+01  0.62703752E-16
 0.23484984E+01  0.86830762E-16
 0.23557220E+01  0.81636211E-16
 0.23629679E+01  0.56904580E-16
 0.23702360E+01  0.52784241E-16
 0.23775265E+01  0.50424424E-16
 0.23848395E+01  0.48531971E-16
 0.23921749E+01  0.46847009E-16
 0.23995329E+01  0.45288021E-16
 0.24069135E+01  0.43821469E-16
 0.24143168E+01  0.42430540E-16
 0.24217429E+01  0.41105371E-16
 0.24291919E+01  0.39839401E-16
 0.24366637E+01  0.38627810E-16
 0.24441586E+01  0.37466792E-16
 0.24516764E+01  0.36353179E-16
 0.24592175E+01  0.35284234E-16
 0.24667817E+01  0.34257530E-16
 0.24743691E+01  0.33270878E-16
 0.24819799E+01  0.32322279E-16
 0.24896142E+01  0.31409888E-16
 0.24972719E+01  0.30531996E-16
 0.25049531E+01  0.29687008E-16
 0.25126580E+01  0.28873431E-16
 0.25203866E+01  0.28089864E-16
 0.25281389E+01  0.27334989E-16
 0.25359151E+01  0.26607567E-16
 0.25437152E+01  0.25906424E-16
 0.25515393E+01  0.25230453E-16
 0.25593875E+01  0.24578608E-16
 0.25672598E+01  0.23949896E-16
 0.25751563E+01  0.23343378E-16
 0.25830772E+01  0.22758163E-16
 0.25910223E+01  0.22193405E-16
 0.25989920E+01  0.21648302E-16
 0.26069861E+01  0.21122091E-16
 0.26150048E+01  0.20614046E-16
 0.26230482E+01  0.20123480E-16
 0.26311163E+01  0.19649737E-16
 0.26392092E+01  0.19192194E-16
 0.26473271E+01  0.18750256E-16
 0.26554699E+01  0.18323360E-16
 0.26636377E+01  0.17910969E-16
 0.26718307E+01  0.17512569E-16
 0.26800489E+01  0.17127674E-16
 0.26882923E+01  0.16755820E-16
 0.26965611E+01  0.16396565E-16
 0.27048554E+01  0.16049487E-16
 0.27131751E+01  0.15714187E-16
 0.27215205E+01  0.15390284E-16
 0.27298915E+01  0.15077413E-16
 0.27382882E+01  0.14775232E-16
 0.27467108E+01  0.14483411E-16
 0.27551593E+01  0.14201639E-16
 0.27636338E+01  0.13929621E-16
 0.27721343E+01  0.13667076E-16
 0.27806610E+01  0.13413739E-16
 0.27892139E+01  0.13169358E-16
 0.27977932E+01  0.12933696E-16
 0.28063988E+01  0.12706531E-16
 0.28150309E+01  0.12487651E-16
 0.28236895E+01  0.12276860E-16
 0.28323748E+01  0.12073974E-16
 0.28410868E+01  0.11878821E-16
 0.28498255E+01  0.11691243E-16
 0.28585912E+01  0.11511094E-16
 0.28673838E+01  0.11338242E-16
 0.28762035E+01  0.11172565E-16
 0.28850503E+01  0.11013958E-16
 0.28939243E+01  0.10862325E-16
 0.29028256E+01  0.10717588E-16
 0.29117543E+01  0.10579678E-16
 0.29207104E+01  0.10448546E-16
 0.29296941E+01  0.10324154E-16
 0.29387054E+01  0.10206481E-16
 0.29477444E+01  0.10095525E-16
 0.29568113E+01  0.99912992E-17
 0.29659060E+01  0.98938374E-17
 0.29750287E+01  0.98031940E-17
 0.29841795E+01  0.97194458E-17
 0.29933584E+01  0.96426944E-17
 0.30025656E+01  0.95730683E-17
 0.30118010E+01  0.95107258E-17
 0.30210649E+01  0.94558586E-17
 0.30303573E+01  0.94086953E-17
 0.30396782E+01  0.93695067E-17
 0.30490278E+01  0.93386105E-17
 0.30584062E+01  0.93163785E-17
 0.30678134E+01  0.93032441E-17
 0.30772496E+01  0.92997116E-17
 0.30867148E+01  0.93063677E-17
 0.30962091E+01  0.93238949E-17
 0.31057326E+01  0.93530883E-17
 0.31152853E+01  0.93948756E-17
 0.31248675E+01  0.94503425E-17
 0.31344792E+01  0.95207637E-17
 0.31441204E+01  0.96076418E-17
 0.31537913E+01  0.97127567E-17
 0.31634919E+01  0.98382283E-17
 0.31732223E+01  0.99865973E-17
 0.31829827E+01  0.10160931E-16
 0.31927731E+01  0.10364960E-16
 0.32025936E+01  0.10603268E-16
 0.32124443E+01  0.10881538E-16
 0.32223254E+01  0.11206904E-16
 0.32322368E+01  0.11588430E-16
 0.32421787E+01  0.12037817E-16
 0.32521512E+01  0.12570413E-16
 0.32621543E+01  0.13206761E-16
 0.32721882E+01  0.13974978E-16
 0.32822530E+01  0.14914594E-16
 0.32923488E+01  0.16082988E-16
 0.33024756E+01  0.17566716E-16
 0.33126335E+01  0.19502748E-16
 0.33228227E+01  0.22121397E-16
 0.33330432E+01  0.25842119E-16
 0.33432952E+01  0.31517806E-16
 0.33535787E+01  0.41189509E-16
 0.33638938E+01  0.61260933E-16
 0.33742407E+01  0.12753014E-15
 0.33846194E+01  0.83757072E-15
 0.33950300E+01  0.92537355E-16
 0.34054726E+01  0.47565344E-16
 0.34159474E+01  0.31374539E-16
 0.34264543E+01  0.23050599E-16
 0.34369936E+01  0.17991147E-16
 0.34475653E+01  0.14597696E-16
 0.34581695E+01  0.12168719E-16
 0.34688064E+01  0.10347919E-16
 0.34794759E+01  0.89351321E-17
 0.34901783E+01  0.78092567E-17
 0.35009136E+01  0.68927287E-17
 0.35116819E+01  0.61335743E-17
 0.35224834E+01  0.54956640E-17
 0.35333180E+01  0.49531064E-17
 0.35441860E+01  0.44868648E-17
 0.35550874E+01  0.40826337E-17
 0.35660224E+01  0.37294586E-17
 0.35769909E+01  0.34188138E-17
 0.35879932E+01  0.31439703E-17
 0.35990294E+01  0.28995528E-17
 0.36100995E+01  0.26812245E-17
 0.36212037E+01  0.24854597E-17
 0.36323420E+01  0.23093792E-17
 0.36435145E+01  0.21506323E-17
 0.36547215E+01  0.20073172E-17
 0.36659629E+01  0.18779360E-17
 0.36772389E+01  0.17613890E-17
 0.36885495E+01  0.16570265E-17
 0.36998950E+01  0.15647993E-17
 0.37112753E+01  0.14856173E-17
 0.37226907E+01  0.14221914E-17
 0.37341412E+01  0.13811612E-17
 0.37456268E+01  0.13791754E-17
 0.37571479E+01  0.14638184E-17
 0.37687043E+01  0.18115951E-17
 0.37802963E+01  0.36673969E-17
 0.37919240E+01  0.77324251E-17
 0.38035874E+01  0.19882908E-17
 0.38152867E+01  0.12944785E-17
 0.38270220E+01  0.10399620E-17
 0.38387933E+01  0.90477622E-18
 0.38506009E+01  0.81625469E-18
 0.38624448E+01  0.75034767E-18
 0.38743251E+01  0.69719998E-18
 0.38862420E+01  0.65213523E-18
 0.38981955E+01  0.61267416E-18
 0.39101858E+01  0.57738010E-18
 0.39222130E+01  0.54535644E-18
 0.39342772E+01  0.51600714E-18
 0.39463785E+01  0.48891393E-18
 0.39585170E+01  0.46376923E-18
 0.39706928E+01  0.44033770E-18
 0.39829061E+01  0.41843313E-18
 0.39951569E+01  0.39790394E-18
 0.40074455E+01  0.37862384E-18
 0.40197718E+01  0.36048555E-18
 0.40321361E+01  0.34339643E-18
 0.40445383E+01  0.32727551E-18
 0.40569788E+01  0.31205116E-18
 0.40694575E+01  0.29765949E-18
 0.40819745E+01  0.28404308E-18
 0.40945301E+01  0.27115000E-18
 0.41071243E+01  0.25893304E-18
 0.41197572E+01  0.24734910E-18
 0.41324290E+01  0.23635864E-18
 0.41451398E+01  0.22592532E-18
 0.41578896E+01  0.21601563E-18
 0.41706787E+01  0.20659857E-18
 0.41835071E+01  0.19764542E-18
 0.41963750E+01  0.18912953E-18
 0.42092825E+01  0.18102609E-18
 0.42222296E+01  0.17331201E-18
 0.42352166E+01  0.16596575E-18
 0.42482435E+01  0.15896717E-18
 0.42613105E+01  0.15229746E-18
 0.42744177E+01  0.14593900E-18
 0.42875652E+01  0.13987528E-18
 0.43007531E+01  0.13409080E-18
 0.43139816E+01  0.12857102E-18
 0.43272508E+01  0.12330229E-18
 0.43405608E+01  0.11827175E-18
 0.43539118E+01  0.11346731E-18
 0.43673038E+01  0.10887758E-18
 0.43807370E+01  0.10449183E-18
 0.43942115E+01  0.10029994E-18
 0.44077275E+01  0.96292369E-19
 0.44212851E+01  0.92460092E-19
 0.44348843E+01  0.88794600E-19
 0.44485254E+01  0.85287846E-19
 0.44622084E+01  0.81932221E-19
 0.44759335E+01  0.78720528E-19
 0.44897009E+01  0.75645953E-19
 0.45035105E+01  0.72702046E-19
 0.45173627E+01  0.69882695E-19
 0.45312575E+01  0.67182109E-19
 0.45451950E+01  0.64594797E-19
 0.45591753E+01  0.62115550E-19
 0.45731987E+01  0.59739427E-19
 0.45872652E+01  0.57461738E-19
 0.46013750E+01  0.55278028E-19
 0.46155282E+01  0.53184067E-19
 0.46297249E+01  0.51175836E-19
 0.46439653E+01  0.49249512E-19
 0.46582494E+01  0.47401464E-19
 0.46725776E+01  0.45628235E-19
 0.46869497E+01  0.43926539E-19
 0.47013661E+01  0.42293247E-19
 0.47158269E+01  0.40725381E-19
 0.47303321E+01  0.39220104E-19
 0.47448819E+01  0.37774717E-19
 0.47594765E+01  0.36386644E-19
 0.47741160E+01  0.35053434E-19
 0.47888005E+01  0.33772748E-19
 0.48035301E+01  0.32542359E-19
 0.48183051E+01  0.31360139E-19
 0.48331255E+01  0.30224062E-19
 0.48479915E+01  0.29132191E-19
 0.48629033E+01  0.28082681E-19
 0.48778609E+01  0.27073768E-19
 0.48928645E+01  0.26103770E-19
 0.49079142E+01  0.25171079E-19
 0.49230103E+01  0.24274161E-19
 0.49381528E+01  0.23411547E-19
 0.49533418E+01  0.22581837E-19
 0.49685776E+01  0.21783692E-19
 0.49838602E+01  0.21015829E-19
 0.49991899E+01  0.20277026E-19
 0.50145667E+01  0.19566110E-19
 0.50299908E+01  0.18881963E-19
 0.50454623E+01  0.18223513E-19
 0.50609814E+01  0.17589735E-19
 0.50765483E+01  0.16979647E-19
 0.50921630E+01  0.16392312E-19
 0.51078258E+01  0.15826830E-19
 0.51235368E+01  0.15282341E-19
 0.51392960E+01  0.14758021E-19
 0.51551038E+01  0.14253082E-19
 0.51709601E+01  0.13766766E-19
 0.51868653E+01  0.13298351E-19
 0.52028193E+01  0.12847143E-19
 0.52188225E+01  0.12412476E-19
 0.52348748E+01  0.11993715E-19
 0.52509766E+01  0.11590248E-19
 0.52671278E+01  0.11201490E-19
 0.52833288E+01  0.10826881E-19
 0.52995795E+01  0.10465882E-19
 0.53158803E+01  0.10117978E-19
 0.53322312E+01  0.97826741E-20
 0.53486324E+01  0.94594958E-20
 0.53650840E+01  0.91479883E-20
 0.53815862E+01  0.88477153E-20
 0.53981392E+01  0.85582581E-20
 0.54147431E+01  0.82792151E-20
 0.54313981E+01  0.80102012E-20
 0.54481043E+01  0.77508466E-20
 0.54648619E+01  0.75007968E-20
 0.54816711E+01  0.72597115E-20
 0.54985319E+01  0.70272643E-20
 0.55154446E+01  0.68031420E-20
 0.55324093E+01  0.65870441E-20
 0.55494262E+01  0.63786824E-20
 0.55664955E+01  0.61777802E-20
 0.55836172E+01  0.59840723E-20
 0.56007916E+01  0.57973043E-20
 0.56180189E+01  0.56172324E-20
 0.56352991E+01  0.54436224E-20
 0.56526325E+01  0.52762504E-20
 0.56700192E+01  0.51149014E-20
 0.56874594E+01  0.49593696E-20
 0.57049532E+01  0.48094579E-20
 0.57225008E+01  0.46649779E-20
 0.57401024E+01  0.45257489E-20
 0.57577581E+01  0.43915986E-20
 0.57754682E+01  0.42623623E-20
 0.57932327E+01  0.41378825E-20
 0.58110519E+01  0.40180096E-20
 0.58289258E+01  0.39026008E-20
 0.58468548E+01  0.37915204E-20
 0.58648389E+01  0.36846397E-20
 0.58828783E+01  0.35818369E-20
 0.59009732E+01  0.34829967E-20
 0.59191237E+01  0.33880108E-20
 0.59373301E+01  0.32967776E-20
 0.59555925E+01  0.32092022E-20
 0.59739111E+01  0.31251964E-20
 0.59922860E+01  0.30446792E-20
 0.60107174E+01  0.29675764E-20
 0.60292055E+01  0.28938214E-20
 0.60477505E+01  0.28233549E-20
 0.60663525E+01  0.27561256E-20
 0.60850117E+01  0.26920904E-20
 0.61037284E+01  0.26312153E-20
 0.61225026E+01  0.25734755E-20
 0.61413345E+01  0.25188566E-20
 0.61602244E+01  0.24673552E-20
 0.61791724E+01  0.24189802E-20
 0.61981786E+01  0.23737543E-20
 0.62172433E+01  0.23317152E-20
 0.62363667E+01  0.22929179E-20
 0.62555489E+01  0.22574371E-20
 0.62747901E+01  0.22253702E-20
 0.62940904E+01  0.21968405E-20
 0.63134501E+01  0.21720023E-20
 0.63328694E+01  0.21510462E-20
 0.63523484E+01  0.21342059E-20
 0.63718874E+01  0.21217677E-20
 0.63914864E+01  0.21140809E-20
 0.64111457E+01  0.21115733E-20
 0.64308655E+01  0.21147697E-20
 0.64506459E+01  0.21243171E-20
 0.64704871E+01  0.21410181E-20
 0.64903894E+01  0.21658769E-20
 0.65103530E+01  0.22001617E-20
 0.65303779E+01  0.22454932E-20
 0.65504644E+01  0.23039714E-20
 0.65706127E+01  0.23783613E-20
 0.65908230E+01  0.24723745E-20
 0.66110954E+01  0.25911050E-20
 0.66314302E+01  0.27417335E-20
 0.66518275E+01  0.29347108E-20
 0.66722876E+01  0.31858505E-20
 0.66928106E+01  0.35202659E-20
 0.67133968E+01  0.39803737E-20
 0.67340462E+01  0.46438822E-20
 0.67547592E+01  0.56701140E-20
 0.67755359E+01  0.74452573E-20
 0.67963764E+01  0.11209279E-19
 0.68172811E+01  0.24330090E-19
 0.68382501E+01  0.10044524E-18
 0.68592836E+01  0.15654294E-19
 0.68803818E+01  0.82931886E-20
 0.69015449E+01  0.55569449E-20
 0.69227730E+01  0.41340628E-20
 0.69440665E+01  0.32649819E-20
 0.69654255E+01  0.26809434E-20
 0.69868501E+01  0.22627109E-20
 0.70083407E+01  0.19492942E-20
 0.70298973E+01  0.17062613E-20
 0.70515203E+01  0.15127080E-20
 0.70732098E+01  0.13552137E-20
 0.70949660E+01  0.12247714E-20
 0.71167891E+01  0.11151149E-20
 0.71386793E+01  0.10217527E-20
 0.71606369E+01  0.94138344E-21
 0.71826620E+01  0.87152832E-21
 0.72047548E+01  0.81029127E-21
 0.72269156E+01  0.75619860E-21
 0.72491446E+01  0.70808858E-21
 0.72714419E+01  0.66503392E-21
 0.72938079E+01  0.62628614E-21
 0.73162426E+01  0.59123502E-21
 0.73387463E+01  0.55937854E-21
 0.73613192E+01  0.53030027E-21
 0.73839616E+01  0.50365218E-21
 0.74066736E+01  0.47914139E-21
 0.74294555E+01  0.45651985E-21
 0.74523074E+01  0.43557622E-21
 0.74752297E+01  0.41612944E-21
 0.74982224E+01  0.39802360E-21
 0.75212859E+01  0.38112379E-21
 0.75444203E+01  0.36531272E-21
 0.75676259E+01  0.35048799E-21
 0.75909028E+01  0.33655984E-21
 0.76142514E+01  0.32344925E-21
 0.76376717E+01  0.31108643E-21
 0.76611641E+01  0.29940950E-21
 0.76847288E+01  0.28836343E-21
 0.77083659E+01  0.27789907E-21
 0.77320757E+01  0.26797246E-21
 0.77558585E+01  0.25854408E-21
 0.77797144E+01  0.24957838E-21
 0.78036437E+01  0.24104321E-21
 0.78276466E+01  0.23290950E-21
 0.78517233E+01  0.22515081E-21
 0.78758741E+01  0.21774311E-21
 0.79000992E+01  0.21066446E-21
 0.79243988E+01  0.20389478E-21
 0.79487731E+01  0.19741570E-21
 0.79732224E+01  0.19121030E-21
 0.79977469E+01  0.18526303E-21
 0.80223468E+01  0.17955954E-21
 0.80470224E+01  0.17408658E-21
 0.80717739E+01  0.16883184E-21
 0.80966016E+01  0.16378395E-21
 0.81215056E+01  0.15893230E-21
 0.81464861E+01  0.15426703E-21
 0.81715436E+01  0.14977897E-21
 0.81966781E+01  0.14545950E-21
 0.82218899E+01  0.14130061E-21
 0.82471793E+01  0.13729477E-21
 0.82725464E+01  0.13343491E-21
 0.82979916E+01  0.12971442E-21
 0.83235150E+01  0.12612705E-21
 0.83491170E+01  0.12266693E-21
 0.83747977E+01  0.11932853E-21
 0.84005574E+01  0.11610661E-21
 0.84263963E+01  0.11299623E-21
 0.84523147E+01  0.10999273E-21
 0.84783128E+01  0.10709168E-21
 0.85043909E+01  0.10428888E-21
 0.85305492E+01  0.10158036E-21
 0.85567880E+01  0.98962328E-22
 0.85831074E+01  0.96431200E-22
 0.86095078E+01  0.93983558E-22
 0.86359895E+01  0.91616149E-22
 0.86625525E+01  0.89325873E-22
 0.86891973E+01  0.87109777E-22
 0.87159241E+01  0.84965041E-22
 0.87427330E+01  0.82888974E-22
 0.87696244E+01  0.80879007E-22
 0.87965985E+01  0.78932681E-22
 0.88236556E+01  0.77047648E-22
 0.88507959E+01  0.75221657E-22
 0.88780197E+01  0.73452557E-22
 0.89053272E+01  0.71738284E-22
 0.89327188E+01  0.70076863E-22
 0.89601945E+01  0.68466398E-22
 0.89877548E+01  0.66905072E-22
 0.90153999E+01  0.65391140E-22
 0.90431300E+01  0.63922929E-22
 0.90709454E+01  0.62498830E-22
 0.90988463E+01  0.61117299E-22
 0.91268331E+01  0.59776851E-22
 0.91549059E+01  0.58476059E-22
 0.91830651E+01  0.57213552E-22
 0.92113109E+01  0.55988009E-22
 0.92396436E+01  0.54798161E-22
 0.92680634E+01  0.53642787E-22
 0.92965707E+01  0.52520709E-22
 0.93251656E+01  0.51430796E-22
 0.93538485E+01  0.50371958E-22
 0.93826196E+01  0.49343144E-22
 0.94114792E+01  0.48343342E-22
 0.94404276E+01  0.47371577E-22
 0.94694650E+01  0.46426911E-22
 0.94985917E+01  0.45508438E-22
 0.95278080E+01  0.44615285E-22
 0.95571142E+01  0.43746611E-22
 0.95865105E+01  0.42901604E-22
 0.96159973E+01  0.42079482E-22
 0.96455747E+01  0.41279492E-22
 0.96752431E+01  0.40500905E-22
 0.97050028E+01  0.39743019E-22
 0.97348540E+01  0.39005158E-22
 0.97647970E+01  0.38286669E-22
 0.97948322E+01  0.37586921E-22
 0.98249597E+01  0.36905307E-22
 0.98551799E+01  0.36241240E-22
 0.98854930E+01  0.35594154E-22
 0.99158994E+01  0.34963504E-22
 0.99463993E+01  0.34348762E-22
 0.99769930E+01  0.33749420E-22
 0.10007681E+02  0.33164999E-22
 0.10038463E+02  0.32595290E-22
 0.10069340E+02  0.32039909E-22
 0.10100312E+02  0.31498374E-22
 0.10131379E+02  0.30970221E-22
 0.10162542E+02  0.30455004E-22
 0.10193800E+02  0.29952295E-22
 0.10225155E+02  0.29461680E-22
 0.10256606E+02  0.28982761E-22
 0.10288154E+02  0.28515156E-22
 0.10319799E+02  0.28058496E-22
 0.10351541E+02  0.27612428E-22
 0.10383381E+02  0.27176610E-22
 0.10415319E+02  0.26750715E-22
 0.10447355E+02  0.26334426E-22
 0.10479489E+02  0.25927441E-22
 0.10511723E+02  0.25529466E-22
 0.10544055E+02  0.25140221E-22
 0.10576487E+02  0.24759435E-22
 0.10609019E+02  0.24386848E-22
 0.10641651E+02  0.24022210E-22
 0.10674383E+02  0.23665279E-22
 0.10707216E+02  0.23315824E-22
 0.10740150E+02  0.22973621E-22
 0.10773185E+02  0.22638456E-22
 0.10806322E+02  0.22310122E-22
 0.10839560E+02  0.21988419E-22
 0.10872901E+02  0.21673157E-22
 0.10906345E+02  0.21364151E-22
 0.10939891E+02  0.21061223E-22
 0.10973541E+02  0.20764203E-22
 0.11007294E+02  0.20472926E-22
 0.11041151E+02  0.20187233E-22
 0.11075112E+02  0.19906971E-22
 0.11109177E+02  0.19631994E-22
 0.11143347E+02  0.19362160E-22
 0.11177623E+02  0.19097332E-22
 0.11212004E+02  0.18837378E-22
 0.11246490E+02  0.18582171E-22
 0.11281083E+02  0.18331590E-22
 0.11315782E+02  0.18085516E-22
 0.11350587E+02  0.17843835E-22
 0.11385500E+02  0.17606437E-22
 0.11420520E+02  0.17373217E-22
 0.11455648E+02  0.17144072E-22
 0.11490884E+02  0.16918903E-22
 0.11526229E+02  0.16697614E-22
 0.11561682E+02  0.16480115E-22
 0.11597244E+02  0.16266315E-22
 0.11632915E+02  0.16056128E-22
 0.11668696E+02  0.15849472E-22
 0.11704588E+02  0.15646266E-22
 0.11740589E+02  0.15446432E-22
 0.11776702E+02  0.15249895E-22
 0.11812925E+02  0.15056582E-22
 0.11849260E+02  0.14866422E-22
 0.11885707E+02  0.14679347E-22
 0.11922265E+02  0.14495292E-22
 0.11958937E+02  0.14314191E-22
 0.11995721E+02  0.14135983E-22
 0.12032618E+02  0.13960607E-22
 0.12069628E+02  0.13788005E-22
 0.12106753E+02  0.13618121E-22
 0.12143991E+02  0.13450899E-22
 0.12181345E+02  0.13286285E-22
 0.12218813E+02  0.13124229E-22
 0.12256396E+02  0.12964679E-22
 0.12294095E+02  0.12807587E-22
 0.12331910E+02  0.12652904E-22
 0.12369841E+02  0.12500585E-22
 0.12407889E+02  0.12350585E-22
 0.12446054E+02  0.12202860E-22
 0.12484336E+02  0.12057367E-22
 0.12522736E+02  0.11914065E-22
 0.12561254E+02  0.11772912E-22
 0.12599891E+02  0.11633871E-22
 0.12638646E+02  0.11496903E-22
 0.12677521E+02  0.11361969E-22
 0.12716515E+02  0.11229034E-22
 0.12755630E+02  0.11098062E-22
 0.12794864E+02  0.10969019E-22
 0.12834219E+02  0.10841871E-22
 0.12873696E+02  0.10716583E-22
 0.12913293E+02  0.10593126E-22
 0.12953013E+02  0.10471466E-22
 0.12992854E+02  0.10351573E-22
 0.13032818E+02  0.10233417E-22
 0.13072906E+02  0.10116968E-22
 0.13113116E+02  0.10002199E-22
 0.13153450E+02  0.98890801E-23
 0.13193908E+02  0.97775847E-23
 0.13234491E+02  0.96676858E-23
 0.13275198E+02  0.95593571E-23
 0.13316031E+02  0.94525728E-23
 0.13356989E+02  0.93473077E-23
 0.13398073E+02  0.92435373E-23
 0.13439284E+02  0.91412373E-23
 0.13480621E+02  0.90403841E-23
 0.13522086E+02  0.89409546E-23
 0.13563678E+02  0.88429260E-23
 0.13605398E+02  0.87462760E-23
 0.13647246E+02  0.86509829E-23
 0.13689223E+02  0.85570252E-23
 0.13731329E+02  0.84643821E-23
 0.13773565E+02  0.83730328E-23
 0.13815930E+02  0.82829574E-23
 0.13858426E+02  0.81941359E-23
 0.13901052E+02  0.81065489E-23
 0.13943810E+02  0.80201774E-23
 0.13986699E+02  0.79350027E-23
 0.14029720E+02  0.78510063E-23
 0.14072874E+02  0.77681704E-23
 0.14116160E+02  0.76864772E-23
 0.14159579E+02  0.76059092E-23
 0.14203132E+02  0.75264495E-23
 0.14246819E+02  0.74480811E-23
 0.14290640E+02  0.73707878E-23
 0.14334596E+02  0.72945532E-23
 0.14378687E+02  0.72193615E-23
 0.14422914E+02  0.71451970E-23
 0.14467277E+02  0.70720444E-23
 0.14511776E+02  0.69998885E-23
 0.14556412E+02  0.69287144E-23
 0.14601186E+02  0.68585077E-23
 0.14646097E+02  0.67892539E-23
 0.14691146E+02  0.67209390E-23
 0.14736334E+02  0.66535489E-23
 0.14781661E+02  0.65870701E-23
 0.14827127E+02  0.65214892E-23
 0.14872734E+02  0.64567929E-23
 0.14918480E+02  0.63929682E-23
 0.14964367E+02  0.63300023E-23
 0.15010395E+02  0.62678827E-23
 0.15056565E+02  0.62065969E-23
 0.15102877E+02  0.61461328E-23
 0.15149331E+02  0.60864784E-23
 0.15195929E+02  0.60276219E-23
 0.15242669E+02  0.59695516E-23
 0.15289553E+02  0.59122561E-23
 0.15336582E+02  0.58557242E-23
 0.15383755E+02  0.57999448E-23
 0.15431073E+02  0.57449069E-23
 0.15478537E+02  0.56905999E-23
 0.15526147E+02  0.56370130E-23
 0.15573903E+02  0.55841361E-23
 0.15621806E+02  0.55319587E-23
 0.15669857E+02  0.54804707E-23
 0.15718055E+02  0.54296623E-23
 0.15766401E+02  0.53795237E-23
 0.15814897E+02  0.53300451E-23
 0.15863541E+02  0.52812171E-23
 0.15912335E+02  0.52330303E-23
 0.15961279E+02  0.51854755E-23
 0.16010374E+02  0.51385437E-23
 0.16059619E+02  0.50922258E-23
 0.16109016E+02  0.50465131E-23
 0.16158565E+02  0.50013969E-23
 0.16208267E+02  0.49568686E-23
 0.16258121E+02  0.49129199E-23
 0.16308129E+02  0.48695424E-23
 0.16358290E+02  0.48267279E-23
 0.16408606E+02  0.47844684E-23
 0.16459077E+02  0.47427560E-23
 0.16509702E+02  0.47015828E-23
 0.16560484E+02  0.46609412E-23
 0.16611422E+02  0.46208235E-23
 0.16662516E+02  0.45812222E-23
 0.16713768E+02  0.45421301E-23
 0.16765177E+02  0.45035397E-23
 0.16816744E+02  0.44654441E-23
 0.16868470E+02  0.44278361E-23
 0.16920355E+02  0.43907087E-23
 0.16972400E+02  0.43540552E-23
 0.17024604E+02  0.43178688E-23
 0.17076970E+02  0.42821427E-23
 0.17129496E+02  0.42468706E-23
 0.17182184E+02  0.42120459E-23
 0.17235034E+02  0.41776623E-23
 0.17288046E+02  0.41437135E-23
 0.17341222E+02  0.41101933E-23
 0.17394561E+02  0.40770956E-23
 0.17448064E+02  0.40444145E-23
 0.17501732E+02  0.40121440E-23
 0.17555565E+02  0.39802782E-23
 0.17609563E+02  0.39488116E-23
 0.17663728E+02  0.39177383E-23
 0.17718059E+02  0.38870529E-23
 0.17772557E+02  0.38567498E-23
 0.17827223E+02  0.38268236E-23
 0.17882057E+02  0.37972690E-23
 0.17937060E+02  0.37680807E-23
 0.17992231E+02  0.37392535E-23
 0.18047573E+02  0.37107824E-23
 0.18103085E+02  0.36826623E-23
 0.18158767E+02  0.36548882E-23
 0.18214621E+02  0.36274553E-23
 0.18270647E+02  0.36003588E-23
 0.18326845E+02  0.35735938E-23
 0.18383215E+02  0.35471558E-23
 0.18439759E+02  0.35210402E-23
 0.18496478E+02  0.34952423E-23
 0.18553370E+02  0.34697577E-23
 0.18610438E+02  0.34445820E-23
 0.18667681E+02  0.34197109E-23
 0.18725100E+02  0.33951401E-23
 0.18782696E+02  0.33708654E-23
 0.18840468E+02  0.33468826E-23
 0.18898419E+02  0.33231876E-23
 0.18956548E+02  0.32997764E-23
 0.19014856E+02  0.32766450E-23
 0.19073343E+02  0.32537895E-23
 0.19132009E+02  0.32312061E-23
 0.19190857E+02  0.32088910E-23
 0.19249885E+02  0.31868403E-23
 0.19309095E+02  0.31650505E-23
 0.19368487E+02  0.31435178E-23
 0.19428062E+02  0.31222388E-23
 0.19487820E+02  0.31012098E-23
 0.19547762E+02  0.30804274E-23
 0.19607888E+02  0.30598882E-23
 0.19668199E+02  0.30395888E-23
 0.19728695E+02  0.30195259E-23
 0.19789378E+02  0.29996962E-23
 0.19850247E+02  0.29800964E-23
 0.19911304E+02  0.29607235E-23
 0.19972548E+02  0.29415742E-23
 0.20033981E+02  0.29226456E-23
 0.20095603E+02  0.29039345E-23
 0.20157414E+02  0.28854379E-23
 0.20219415E+02  0.28671530E-23
 0.20281607E+02  0.28490768E-23
 0.20343991E+02  0.28312064E-23
 0.20406566E+02  0.28135391E-23
 0.20469333E+02  0.27960720E-23
 0.20532294E+02  0.27788025E-23
 0.20595449E+02  0.27617278E-23
 0.20658797E+02  0.27448453E-23
 0.20722341E+02  0.27281523E-23
 0.20786080E+02  0.27116464E-23
 0.20850015E+02  0.26953249E-23
 0.20914147E+02  0.26791854E-23
 0.20978475E+02  0.26632254E-23
 0.21043002E+02  0.26474424E-23
 0.21107728E+02  0.26318342E-23
 0.21172652E+02  0.26163983E-23
 0.21237776E+02  0.26011325E-23
 0.21303100E+02  0.25860344E-23
 0.21368626E+02  0.25711018E-23
 0.21434353E+02  0.25563326E-23
 0.21500282E+02  0.25417244E-23
 0.21566413E+02  0.25272752E-23
 0.21632749E+02  0.25129829E-23
 0.21699288E+02  0.24988454E-23
 0.21766032E+02  0.24848606E-23
 0.21832981E+02  0.24710266E-23
 0.21900136E+02  0.24573412E-23
 0.21967498E+02  0.24438027E-23
 0.22035067E+02  0.24304089E-23
 0.22102844E+02  0.24171581E-23
 0.22170829E+02  0.24040484E-23
 0.22239023E+02  0.23910779E-23
 0.22307427E+02  0.23782449E-23
 0.22376042E+02  0.23655474E-23
 0.22444867E+02  0.23529838E-23
 0.22513904E+02  0.23405524E-23
 0.22583154E+02  0.23282513E-23
 0.22652617E+02  0.23160790E-23
 0.22722293E+02  0.23040338E-23
 0.22792183E+02  0.22921140E-23
 0.22862289E+02  0.22803181E-23
 0.22932610E+02  0.22686445E-23
 0.23003147E+02  0.22570915E-23
 0.23073902E+02  0.22456577E-23
 0.23144874E+02  0.22343416E-23
 0.23216064E+02  0.22231416E-23
 0.23287474E+02  0.22120563E-23
 0.23359102E+02  0.22010843E-23
 0.23430952E+02  0.21902241E-23
 0.23503022E+02  0.21794743E-23
 0.23575314E+02  0.21688335E-23
 0.23647828E+02  0.21583004E-23
 0.23720566E+02  0.21478737E-23
 0.23793527E+02  0.21375520E-23
 0.23866712E+02  0.21273340E-23
 0.23940123E+02  0.21172184E-23
 0.24013759E+02  0.21072040E-23
 0.24087622E+02  0.20972895E-23
 0.24161712E+02  0.20874738E-23
 0.24236030E+02  0.20777555E-23
 0.24310577E+02  0.20681335E-23
 0.24385353E+02  0.20586066E-23
 0.24460359E+02  0.20491738E-23
 0.24535595E+02  0.20398337E-23
 0.24611063E+02  0.20305854E-23
 0.24686763E+02  0.20214277E-23
 0.24762696E+02  0.20123595E-23
 0.24838863E+02  0.20033798E-23
 0.24915264E+02  0.19944875E-23
 0.24991900E+02  0.19856815E-23
 0.25068771E+02  0.19769609E-23
 0.25145879E+02  0.19683246E-23
 0.25223224E+02  0.19597716E-23
 0.25300807E+02  0.19513009E-23
 0.25378629E+02  0.19429117E-23
 0.25456690E+02  0.19346028E-23
 0.25534991E+02  0.19263734E-23
 0.25613533E+02  0.19182226E-23
 0.25692317E+02  0.19101494E-23
 0.25771343E+02  0.19021530E-23
 0.25850612E+02  0.18942324E-23
 0.25930124E+02  0.18863868E-23
 0.26009882E+02  0.18786154E-23
 0.26089885E+02  0.18709172E-23
 0.26170133E+02  0.18632914E-23
 0.26250629E+02  0.18557372E-23
 0.26331372E+02  0.18482539E-23
 0.26412364E+02  0.18408405E-23
 0.26493604E+02  0.18334963E-23
 0.26575095E+02  0.18262206E-23
 0.26656836E+02  0.18190125E-23
 0.26738829E+02  0.18118713E-23
 0.26821074E+02  0.18047962E-23
 0.26903571E+02  0.17977866E-23
 0.26986323E+02  0.17908416E-23
 0.27069329E+02  0.17839607E-23
 0.27152591E+02  0.17771429E-23
 0.27236108E+02  0.17703878E-23
 0.27319882E+02  0.17636945E-23
 0.27403915E+02  0.17570624E-23
 0.27488205E+02  0.17504908E-23
 0.27572755E+02  0.17439791E-23
 0.27657565E+02  0.17375266E-23
 0.27742636E+02  0.17311327E-23
 0.27827968E+02  0.17247968E-23
 0.27913563E+02  0.17185181E-23
 0.27999421E+02  0.17122962E-23
 0.28085543E+02  0.17061303E-23
 0.28171930E+02  0.17000200E-23
 0.28258583E+02  0.16939645E-23
 0.28345503E+02  0.16879634E-23
 0.28432689E+02  0.16820160E-23
 0.28520144E+02  0.16761217E-23
 0.28607868E+02  0.16702801E-23
 0.28695862E+02  0.16644906E-23
 0.28784126E+02  0.16587525E-23
 0.28872662E+02  0.16530654E-23
 0.28961470E+02  0.16474287E-23
 0.29050552E+02  0.16418420E-23
 0.29139907E+02  0.16363047E-23
 0.29229537E+02  0.16308162E-23
 0.29319443E+02  0.16253761E-23
 0.29409626E+02  0.16199838E-23
 0.29500085E+02  0.16146390E-23
 0.29590824E+02  0.16093410E-23
 0.29681841E+02  0.16040895E-23
 0.29773138E+02  0.15988839E-23
 0.29864716E+02  0.15937237E-23
 0.29956575E+02  0.15886086E-23
 0.30048718E+02  0.15835380E-23
 0.30141143E+02  0.15785115E-23
 0.30233853E+02  0.15735287E-23
 0.30326848E+02  0.15685890E-23
 0.30420129E+02  0.15636922E-23
 0.30513697E+02  0.15588377E-23
 0.30607553E+02  0.15540251E-23
 0.30701697E+02  0.15492540E-23
 0.30796131E+02  0.15445240E-23
 0.30890856E+02  0.15398346E-23
 0.30985872E+02  0.15351856E-23
 0.31081180E+02  0.15305764E-23
 0.31176781E+02  0.15260067E-23
 0.31272677E+02  0.15214761E-23
 0.31368867E+02  0.15169841E-23
 0.31465353E+02  0.15125305E-23
 0.31562136E+02  0.15081149E-23
 0.31659217E+02  0.15037368E-23
 0.31756596E+02  0.14993959E-23
 0.31854275E+02  0.14950918E-23
 0.31952254E+02  0.14908243E-23
 0.32050535E+02  0.14865928E-23
 0.32149118E+02  0.14823971E-23
 0.32248004E+02  0.14782369E-23
 0.32347194E+02  0.14741117E-23
 0.32446689E+02  0.14700213E-23
 0.32546491E+02  0.14659652E-23
 0.32646599E+02  0.14619433E-23
 0.32747015E+02  0.14579551E-23
 0.32847741E+02  0.14540003E-23
 0.32948776E+02  0.14500786E-23
 0.33050121E+02  0.14461896E-23
 0.33151779E+02  0.14423332E-23
 0.33253749E+02  0.14385089E-23
 0.33356033E+02  0.14347164E-23
 0.33458631E+02  0.14309555E-23
 0.33561545E+02  0.14272259E-23
 0.33664776E+02  0.14235271E-23
 0.33768324E+02  0.14198591E-23
 0.33872190E+02  0.14162213E-23
 0.33976376E+02  0.14126137E-23
 0.34080883E+02  0.14090358E-23
 0.34185711E+02  0.14054875E-23
 0.34290861E+02  0.14019684E-23
 0.34396335E+02  0.13984782E-23
 0.34502133E+02  0.13950167E-23
 0.34608257E+02  0.13915836E-23
 0.34714707E+02  0.13881786E-23
 0.34821485E+02  0.13848015E-23
 0.34928590E+02  0.13814520E-23
 0.35036026E+02  0.13781299E-23
 0.35143792E+02  0.13748348E-23
 0.35251889E+02  0.13715666E-23
 0.35360319E+02  0.13683250E-23
 0.35469082E+02  0.13651097E-23
 0.35578180E+02  0.13619205E-23
 0.35687613E+02  0.13587571E-23
 0.35797383E+02  0.13556194E-23
 0.35907491E+02  0.13525070E-23
 0.36017937E+02  0.13494198E-23
 0.36128724E+02  0.13463574E-23
 0.36239850E+02  0.13433197E-23
 0.36351319E+02  0.13403064E-23
 0.36463130E+02  0.13373174E-23
 0.36575286E+02  0.13343523E-23
 0.36687786E+02  0.13314110E-23
 0.36800633E+02  0.13284932E-23
 0.36913826E+02  0.13255987E-23
 0.37027368E+02  0.13227273E-23
 0.37141259E+02  0.13198788E-23
 0.37255500E+02  0.13170530E-23
 0.37370093E+02  0.13142496E-23
 0.37485038E+02  0.13114685E-23
 0.37600336E+02  0.13087094E-23
 0.37715990E+02  0.13059722E-23
 0.37831999E+02  0.13032566E-23
 0.37948365E+02  0.13005624E-23
 0.38065088E+02  0.12978895E-23
 0.38182171E+02  0.12952376E-23
 0.38299614E+02  0.12926066E-23
 0.38417418E+02  0.12899962E-23
 0.38535585E+02  0.12874063E-23
 0.38654115E+02  0.12848366E-23
 0.38773009E+02  0.12822871E-23
 0.38892270E+02  0.12797574E-23
 0.39011897E+02  0.12772474E-23
 0.39131892E+02  0.12747570E-23
 0.39252256E+02  0.12722859E-23
 0.39372990E+02  0.12698340E-23
 0.39494096E+02  0.12674011E-23
 0.39615574E+02  0.12649870E-23
 0.39737426E+02  0.12625916E-23
 0.39859653E+02  0.12602146E-23
 0.39982255E+02  0.12578559E-23
 0.40105235E+02  0.12555153E-23
 0.40228593E+02  0.12531927E-23
 0.40352331E+02  0.12508880E-23
 0.40476449E+02  0.12486008E-23
 0.40600948E+02  0.12463311E-23
 0.40725831E+02  0.12440787E-23
 0.40851098E+02  0.12418435E-23
 0.40976750E+02  0.12396252E-23
 0.41102789E+02  0.12374238E-23
 0.41229215E+02  0.12352390E-23
 0.41356030E+02  0.12330708E-23
 0.41483236E+02  0.12309189E-23
 0.41610832E+02  0.12287833E-23
 0.41738821E+02  0.12266637E-23
 0.41867204E+02  0.12245600E-23
 0.41995982E+02  0.12224721E-23
 0.42125155E+02  0.12203998E-23
 0.42254726E+02  0.12183430E-23
 0.42384696E+02  0.12163015E-23
 0.42515065E+02  0.12142752E-23
 0.42645835E+02  0.12122640E-23
 0.42777008E+02  0.12102677E-23
 0.42908584E+02  0.12082862E-23
 0.43040565E+02  0.12063192E-23
 0.43172951E+02  0.12043668E-23
 0.43305745E+02  0.12024288E-23
 0.43438947E+02  0.12005050E-23
 0.43572559E+02  0.11985953E-23
 0.43706582E+02  0.11966996E-23
 0.43841018E+02  0.11948177E-23
 0.43975866E+02  0.11929495E-23
 0.44111130E+02  0.11910949E-23
 0.44246810E+02  0.11892538E-23
 0.44382906E+02  0.11874260E-23
 0.44519422E+02  0.11856114E-23
 0.44656357E+02  0.11838099E-23
 0.44793714E+02  0.11820214E-23
 0.44931493E+02  0.11802457E-23
 0.45069696E+02  0.11784828E-23
 0.45208324E+02  0.11767325E-23
 0.45347378E+02  0.11749946E-23
 0.45486860E+02  0.11732692E-23
 0.45626772E+02  0.11715560E-23
 0.45767113E+02  0.11698549E-23
 0.45907886E+02  0.11681659E-23
 0.46049092E+02  0.11664889E-23
 0.46190733E+02  0.11648236E-23
 0.46332809E+02  0.11631700E-23
 0.46475322E+02  0.11615281E-23
 0.46618273E+02  0.11598976E-23
 0.46761665E+02  0.11582786E-23
 0.46905497E+02  0.11566708E-23
 0.47049772E+02  0.11550741E-23
 0.47194490E+02  0.11534886E-23
 0.47339654E+02  0.11519140E-23
 0.47485264E+02  0.11503503E-23
 0.47631321E+02  0.11487974E-23
 0.47777829E+02  0.11472551E-23
 0.47924786E+02  0.11457234E-23
 0.48072196E+02  0.11442022E-23
 0.48220060E+02  0.11426914E-23
 0.48368378E+02  0.11411908E-23
 0.48517152E+02  0.11397004E-23
 0.48666384E+02  0.11382201E-23
 0.48816075E+02  0.11367499E-23
 0.48966226E+02  0.11352895E-23
 0.49116839E+02  0.11338389E-23
 0.49267916E+02  0.11323981E-23
 0.49419457E+02  0.11309669E-23
 0.49571464E+02  0.11295453E-23
 0.49723939E+02  0.11281331E-23
 0.49876882E+02  0.11267303E-23
 0.50030297E+02  0.11253368E-23
 0.50184183E+02  0.11239525E-23
 0.50338542E+02  0.11225773E-23
 0.50493376E+02  0.11212111E-23
 0.50648687E+02  0.11198539E-23
 0.50804475E+02  0.11185056E-23
 0.50960742E+02  0.11171661E-23
 0.51117490E+02  0.11158352E-23
 0.51274720E+02  0.11145131E-23
 0.51432434E+02  0.11131994E-23
 0.51590633E+02  0.11118943E-23
 0.51749319E+02  0.11105975E-23
 0.51908492E+02  0.11093090E-23
 0.52068155E+02  0.11080289E-23
 0.52228309E+02  0.11067568E-23
 0.52388956E+02  0.11054929E-23
 0.52550097E+02  0.11042370E-23
 0.52711734E+02  0.11029891E-23
 0.52873868E+02  0.11017490E-23
 0.53036500E+02  0.11005167E-23
 0.53199633E+02  0.10992922E-23
 0.53363268E+02  0.10980753E-23
 0.53527405E+02  0.10968661E-23
 0.53692048E+02  0.10956644E-23
 0.53857197E+02  0.10944701E-23
 0.54022854E+02  0.10932833E-23
 0.54189021E+02  0.10921037E-23
 0.54355699E+02  0.10909315E-23
 0.54522889E+02  0.10897664E-23
 0.54690594E+02  0.10886085E-23
 0.54858814E+02  0.10874576E-23
 0.55027552E+02  0.10863138E-23
 0.55196809E+02  0.10851769E-23
 0.55366587E+02  0.10840469E-23
 0.55536886E+02  0.10829237E-23
 0.55707710E+02  0.10818073E-23
 0.55879059E+02  0.10806976E-23
 0.56050935E+02  0.10795945E-23
 0.56223340E+02  0.10784980E-23
 0.56396275E+02  0.10774081E-23
 0.56569742E+02  0.10763246E-23
 0.56743742E+02  0.10752475E-23
 0.56918278E+02  0.10741768E-23
 0.57093350E+02  0.10731124E-23
 0.57268961E+02  0.10720543E-23
 0.57445113E+02  0.10710023E-23
 0.57621806E+02  0.10699565E-23
 0.57799042E+02  0.10689168E-23
 0.57976824E+02  0.10678830E-23
 0.58155152E+02  0.10668553E-23
 0.58334029E+02  0.10658335E-23
 0.58513456E+02  0.10648176E-23
 0.58693435E+02  0.10638075E-23
 0.58873968E+02  0.10628032E-23
 0.59055056E+02  0.10618046E-23
 0.59236701E+02  0.10608117E-23
 0.59418905E+02  0.10598245E-23
 0.59601669E+02  0.10588428E-23
 0.59784995E+02  0.10578666E-23
 0.59968885E+02  0.10568959E-23
 0.60153341E+02  0.10559307E-23
 0.60338364E+02  0.10549709E-23
 0.60523956E+02  0.10540164E-23
 0.60710119E+02  0.10530672E-23
 0.60896855E+02  0.10521233E-23
 0.61084165E+02  0.10511846E-23
 0.61272051E+02  0.10502510E-23
 0.61460516E+02  0.10493226E-23
 0.61649559E+02  0.10483993E-23
 0.61839185E+02  0.10474810E-23
 0.62029393E+02  0.10465677E-23
 0.62220187E+02  0.10456594E-23
 0.62411567E+02  0.10447560E-23
 0.62603536E+02  0.10438574E-23
 0.62796096E+02  0.10429637E-23
 0.62989248E+02  0.10420748E-23
 0.63182994E+02  0.10411907E-23
 0.63377336E+02  0.10403113E-23
 0.63572275E+02  0.10394365E-23
 0.63767815E+02  0.10385664E-23
 0.63963955E+02  0.10377009E-23
 0.64160699E+02  0.10368400E-23
 0.64358049E+02  0.10359836E-23
 0.64556005E+02  0.10351317E-23
 0.64754570E+02  0.10342843E-23
 0.64953746E+02  0.10334412E-23
 0.65153534E+02  0.10326026E-23
 0.65353937E+02  0.10317683E-23
 0.65554957E+02  0.10309383E-23
 0.65756594E+02  0.10301126E-23
 0.65958852E+02  0.10292912E-23
 0.66161732E+02  0.10284739E-23
 0.66365237E+02  0.10276609E-23
 0.66569367E+02  0.10268520E-23
 0.66774125E+02  0.10260472E-23
 0.66979512E+02  0.10252465E-23
 0.67185532E+02  0.10244498E-23
 0.67392185E+02  0.10236572E-23
 0.67599474E+02  0.10228685E-23
 0.67807400E+02  0.10220838E-23
 0.68015966E+02  0.10213031E-23
 0.68225173E+02  0.10205262E-23
 0.68435024E+02  0.10197532E-23
 0.68645521E+02  0.10189840E-23
 0.68856665E+02  0.10182187E-23
 0.69068458E+02  0.10174571E-23
 0.69280903E+02  0.10166993E-23
 0.69494001E+02  0.10159451E-23
 0.69707755E+02  0.10151947E-23
 0.69922166E+02  0.10144480E-23
 0.70137236E+02  0.10137049E-23
 0.70352969E+02  0.10129654E-23
 0.70569364E+02  0.10122294E-23
 0.70786426E+02  0.10114971E-23
 0.71004155E+02  0.10107682E-23
 0.71222553E+02  0.10100429E-23
 0.71441624E+02  0.10093211E-23
 0.71661368E+02  0.10086027E-23
 0.71881788E+02  0.10078877E-23
 0.72102886E+02  0.10071761E-23
 0.72324665E+02  0.10064679E-23
 0.72547125E+02  0.10057631E-23
 0.72770270E+02  0.10050616E-23
 0.72994101E+02  0.10043634E-23
 0.73218620E+02  0.10036685E-23
 0.73443830E+02  0.10029768E-23
 0.73669733E+02  0.10022884E-23
 0.73896331E+02  0.10016032E-23
 0.74123625E+02  0.10009212E-23
 0.74351619E+02  0.10002423E-23
 0.74580314E+02  0.99956659E-24
 0.74809713E+02  0.99889400E-24
 0.75039817E+02  0.99822451E-24
 0.75270628E+02  0.99755809E-24
 0.75502150E+02  0.99689474E-24
 0.75734384E+02  0.99623442E-24
 0.75967332E+02  0.99557711E-24
 0.76200997E+02  0.99492280E-24
 0.76435380E+02  0.99427146E-24
 0.76670485E+02  0.99362308E-24
 0.76906312E+02  0.99297763E-24
 0.77142865E+02  0.99233509E-24
 0.77380146E+02  0.99169545E-24
 0.77618156E+02  0.99105868E-24
 0.77856898E+02  0.99042477E-24
 0.78096375E+02  0.98979369E-24
 0.78336589E+02  0.98916543E-24
 0.78577541E+02  0.98853997E-24
 0.78819234E+02  0.98791729E-24
 0.79061671E+02  0.98729737E-24
 0.79304853E+02  0.98668019E-24
 0.79548784E+02  0.98606574E-24
 0.79793465E+02  0.98545400E-24
 0.80038898E+02  0.98484494E-24
 0.80285086E+02  0.98423856E-24
 0.80532032E+02  0.98363484E-24
 0.80779737E+02  0.98303376E-24
 0.81028204E+02  0.98243529E-24
 0.81277435E+02  0.98183943E-24
 0.81527433E+02  0.98124616E-24
 0.81778200E+02  0.98065547E-24
 0.82029738E+02  0.98006733E-24
 0.82282050E+02  0.97948172E-24
 0.82535138E+02  0.97889865E-24
 0.82789004E+02  0.97831808E-24
 0.83043651E+02  0.97774001E-24
 0.83299082E+02  0.97716441E-24
 0.83555298E+02  0.97659127E-24
 0.83812302E+02  0.97602059E-24
 0.84070097E+02  0.97545233E-24
 0.84328684E+02  0.97488650E-24
 0.84588067E+02  0.97432307E-24
 0.84848248E+02  0.97376202E-24
 0.85109230E+02  0.97320335E-24
 0.85371013E+02  0.97264704E-24
 0.85633603E+02  0.97209308E-24
 0.85896999E+02  0.97154145E-24
 0.86161206E+02  0.97099214E-24
 0.86426226E+02  0.97044513E-24
 0.86692061E+02  0.96990042E-24
 0.86958713E+02  0.96935798E-24
 0.87226186E+02  0.96881781E-24
 0.87494481E+02  0.96827989E-24
 0.87763602E+02  0.96774422E-24
 0.88033550E+02  0.96721076E-24
 0.88304329E+02  0.96667953E-24
 0.88575940E+02  0.96615049E-24
 0.88848387E+02  0.96562364E-24
 0.89121672E+02  0.96509897E-24
 0.89395798E+02  0.96457646E-24
 0.89670767E+02  0.96405611E-24
 0.89946581E+02  0.96353789E-24
 0.90223244E+02  0.96302181E-24
 0.90500758E+02  0.96250784E-24
 0.90779126E+02  0.96199598E-24
 0.91058349E+02  0.96148621E-24
 0.91338432E+02  0.96097853E-24
 0.91619376E+02  0.96047291E-24
 0.91901184E+02  0.95996936E-24
 0.92183859E+02  0.95946785E-24
 0.92467404E+02  0.95896839E-24
 0.92751820E+02  0.95847095E-24
 0.93037112E+02  0.95797553E-24
 0.93323280E+02  0.95748212E-24
 0.93610330E+02  0.95699070E-24
 0.93898262E+02  0.95650127E-24
 0.94187079E+02  0.95601382E-24
 0.94476786E+02  0.95552832E-24
 0.94767383E+02  0.95504479E-24
 0.95058874E+02  0.95456320E-24
 0.95351261E+02  0.95408355E-24
 0.95644548E+02  0.95360582E-24
 0.95938737E+02  0.95313001E-24
 0.96233831E+02  0.95265610E-24
 0.96529833E+02  0.95218410E-24
 0.96826745E+02  0.95171398E-24
 0.97124570E+02  0.95124574E-24
 0.97423312E+02  0.95077936E-24
 0.97722972E+02  0.95031485E-24
 0.98023554E+02  0.94985219E-24
 0.98325060E+02  0.94939138E-24
 0.98627494E+02  0.94893239E-24
 0.98930858E+02  0.94847523E-24
 0.99235156E+02  0.94801989E-24
 0.99540389E+02  0.94756636E-24
 0.99846561E+02  0.94711462E-24
 0.10015367E+03  0.94666468E-24
 0.10046173E+03  0.94621652E-24
 0.10077074E+03  0.94577013E-24
 0.10108070E+03  0.94532551E-24
 0.10139161E+03  0.94488264E-24
 0.10170347E+03  0.94444153E-24
 0.10201630E+03  0.94400216E-24
 0.10233008E+03  0.94356452E-24
 0.10264484E+03  0.94312861E-24
 0.10296056E+03  0.94269442E-24
 0.10327725E+03  0.94226195E-24
 0.10359492E+03  0.94183117E-24
 0.10391356E+03  0.94140209E-24
 0.10423318E+03  0.94097470E-24
 0.10455379E+03  0.94054899E-24
 0.10487538E+03  0.94012496E-24
 0.10519796E+03  0.93970260E-24
 0.10552154E+03  0.93928189E-24
 0.10584611E+03  0.93886284E-24
 0.10617168E+03  0.93844543E-24
 0.10649824E+03  0.93802967E-24
 0.10682582E+03  0.93761554E-24
 0.10715440E+03  0.93720303E-24
 0.10748399E+03  0.93679214E-24
 0.10781460E+03  0.93638287E-24
 0.10814622E+03  0.93597520E-24
 0.10847886E+03  0.93556913E-24
 0.10881253E+03  0.93516466E-24
 0.10914722E+03  0.93476177E-24
 0.10948294E+03  0.93436046E-24
 0.10981969E+03  0.93396073E-24
 0.11015748E+03  0.93356256E-24
 0.11049631E+03  0.93316596E-24
 0.11083618E+03  0.93277092E-24
 0.11117710E+03  0.93237742E-24
 0.11151906E+03  0.93198547E-24
 0.11186208E+03  0.93159506E-24
 0.11220615E+03  0.93120618E-24
 0.11255128E+03  0.93081882E-24
 0.11289747E+03  0.93043299E-24
 0.11324473E+03  0.93004868E-24
 0.11359306E+03  0.92966587E-24
 0.11394245E+03  0.92928457E-24
 0.11429292E+03  0.92890477E-24
 0.11464447E+03  0.92852646E-24
 0.11499710E+03  0.92814965E-24
 0.11535082E+03  0.92777431E-24
 0.11570562E+03  0.92740045E-24
 0.11606151E+03  0.92702807E-24
 0.11641850E+03  0.92665715E-24
 0.11677659E+03  0.92628770E-24
 0.11713578E+03  0.92591970E-24
 0.11749607E+03  0.92555316E-24
 0.11785747E+03  0.92518806E-24
 0.11821998E+03  0.92482441E-24
 0.11858361E+03  0.92446220E-24
 0.11894836E+03  0.92410142E-24
 0.11931423E+03  0.92374206E-24
 0.11968122E+03  0.92338413E-24
 0.12004934E+03  0.92302763E-24
 0.12041860E+03  0.92267253E-24
 0.12078899E+03  0.92231885E-24
 0.12116052E+03  0.92196657E-24
 0.12153319E+03  0.92161569E-24
 0.12190701E+03  0.92126622E-24
 0.12228198E+03  0.92091813E-24
 0.12265810E+03  0.92057143E-24
 0.12303538E+03  0.92022612E-24
 0.12341382E+03  0.91988218E-24
 0.12379342E+03  0.91953963E-24
 0.12417419E+03  0.91919844E-24
 0.12455613E+03  0.91885862E-24
 0.12493925E+03  0.91852017E-24
 0.12532355E+03  0.91818308E-24
 0.12570902E+03  0.91784734E-24
 0.12609569E+03  0.91751295E-24
 0.12648354E+03  0.91717991E-24
 0.12687259E+03  0.91684822E-24
 0.12726283E+03  0.91651787E-24
 0.12765427E+03  0.91618885E-24
 0.12804692E+03  0.91586117E-24
 0.12844077E+03  0.91553481E-24
 0.12883584E+03  0.91520979E-24
 0.12923212E+03  0.91488608E-24
 0.12962962E+03  0.91456370E-24
 0.13002834E+03  0.91424263E-24
 0.13042829E+03  0.91392287E-24
 0.13082947E+03  0.91360442E-24
 0.13123188E+03  0.91328728E-24
 0.13163553E+03  0.91297144E-24
 0.13204042E+03  0.91265689E-24
 0.13244656E+03  0.91234365E-24
 0.13285395E+03  0.91203169E-24
 0.13326259E+03  0.91172103E-24
 0.13367248E+03  0.91141165E-24
 0.13408364E+03  0.91110356E-24
 0.13449606E+03  0.91079674E-24
 0.13490975E+03  0.91049120E-24
 0.13532472E+03  0.91018694E-24
 0.13574096E+03  0.90988394E-24
 0.13615848E+03  0.90958222E-24
 0.13657728E+03  0.90928176E-24
 0.13699737E+03  0.90898256E-24
 0.13741876E+03  0.90868463E-24
 0.13784144E+03  0.90838795E-24
 0.13826542E+03  0.90809252E-24
 0.13869070E+03  0.90779835E-24
 0.13911730E+03  0.90750543E-24
 0.13954520E+03  0.90721375E-24
 0.13997442E+03  0.90692332E-24
 0.14040496E+03  0.90663412E-24
 0.14083683E+03  0.90634617E-24
 0.14127002E+03  0.90605945E-24
 0.14170455E+03  0.90577397E-24
 0.14214041E+03  0.90548972E-24
 0.14257762E+03  0.90520670E-24
 0.14301617E+03  0.90492491E-24
 0.14345606E+03  0.90464434E-24
 0.14389731E+03  0.90436499E-24
 0.14433992E+03  0.90408686E-24
 0.14478389E+03  0.90380995E-24
 0.14522922E+03  0.90353426E-24
 0.14567593E+03  0.90325978E-24
 0.14612401E+03  0.90298651E-24
 0.14657346E+03  0.90271445E-24
 0.14702430E+03  0.90244360E-24
 0.14747653E+03  0.90217395E-24
 0.14793015E+03  0.90190551E-24
 0.14838516E+03  0.90163827E-24
 0.14884157E+03  0.90137223E-24
 0.14929939E+03  0.90110738E-24
 0.14975861E+03  0.90084374E-24
 0.15021925E+03  0.90058128E-24
 0.15068130E+03  0.90032002E-24
 0.15114477E+03  0.90005995E-24
 0.15160967E+03  0.89980107E-24
 0.15207600E+03  0.89954337E-24
 0.15254377E+03  0.89928686E-24
 0.15301297E+03  0.89903154E-24
 0.15348362E+03  0.89877739E-24
 0.15395571E+03  0.89852443E-24
 0.15442926E+03  0.89827265E-24
 0.15490426E+03  0.89802204E-24
 0.15538072E+03  0.89777261E-24
 0.15585865E+03  0.89752436E-24
 0.15633805E+03  0.89727728E-24
 0.15681892E+03  0.89703137E-24
 0.15730128E+03  0.89678663E-24
 0.15778511E+03  0.89654306E-24
 0.15827044E+03  0.89630065E-24
 0.15875725E+03  0.89605942E-24
 0.15924557E+03  0.89581935E-24
 0.15973539E+03  0.89558044E-24
 0.16022671E+03  0.89534270E-24
 0.16071954E+03  0.89510611E-24
 0.16121389E+03  0.89487069E-24
 0.16170976E+03  0.89463643E-24
 0.16220716E+03  0.89440333E-24
 0.16270609E+03  0.89417138E-24
 0.16320655E+03  0.89394059E-24
 0.16370855E+03  0.89371096E-24
 0.16421209E+03  0.89348248E-24
 0.16471719E+03  0.89325515E-24
 0.16522383E+03  0.89302898E-24
 0.16573204E+03  0.89280395E-24
 0.16624181E+03  0.89258008E-24
 0.16675314E+03  0.89235736E-24
 0.16726605E+03  0.89213579E-24
 0.16778054E+03  0.89191536E-24
 0.16829661E+03  0.89169609E-24
 0.16881426E+03  0.89147796E-24
 0.16933351E+03  0.89126098E-24
 0.16985436E+03  0.89104514E-24
 0.17037681E+03  0.89083045E-24
 0.17090086E+03  0.89061690E-24
 0.17142653E+03  0.89040449E-24
 0.17195381E+03  0.89019323E-24
 0.17248272E+03  0.88998312E-24
 0.17301325E+03  0.88977414E-24
 0.17354541E+03  0.88956631E-24
 0.17407921E+03  0.88935961E-24
 0.17461466E+03  0.88915406E-24
 0.17515175E+03  0.88894965E-24
 0.17569049E+03  0.88874638E-24
 0.17623089E+03  0.88854425E-24
 0.17677295E+03  0.88834326E-24
 0.17731668E+03  0.88814341E-24
 0.17786208E+03  0.88794469E-24
 0.17840916E+03  0.88774712E-24
 0.17895792E+03  0.88755068E-24
 0.17950837E+03  0.88735539E-24
 0.18006051E+03  0.88716123E-24
 0.18061435E+03  0.88696821E-24
 0.18116989E+03  0.88677633E-24
 0.18172715E+03  0.88658558E-24
 0.18228611E+03  0.88639598E-24
 0.18284680E+03  0.88620751E-24
 0.18340921E+03  0.88602018E-24
 0.18397335E+03  0.88583399E-24
 0.18453923E+03  0.88564893E-24
 0.18510684E+03  0.88546502E-24
 0.18567621E+03  0.88528224E-24
 0.18624732E+03  0.88510060E-24
 0.18682019E+03  0.88492010E-24
 0.18739482E+03  0.88474074E-24
 0.18797122E+03  0.88456252E-24
 0.18854939E+03  0.88438544E-24
 0.18912935E+03  0.88420950E-24
 0.18971108E+03  0.88403470E-24
 0.19029460E+03  0.88386103E-24
 0.19087992E+03  0.88368851E-24
 0.19146704E+03  0.88351713E-24
 0.19205597E+03  0.88334690E-24
 0.19264671E+03  0.88317780E-24
 0.19323926E+03  0.88300985E-24
 0.19383364E+03  0.88284304E-24
 0.19442984E+03  0.88267737E-24
 0.19502788E+03  0.88251285E-24
 0.19562776E+03  0.88234947E-24
 0.19622948E+03  0.88218723E-24
 0.19683305E+03  0.88202615E-24
 0.19743849E+03  0.88186621E-24
 0.19804578E+03  0.88170741E-24
 0.19865494E+03  0.88154977E-24
 0.19926597E+03  0.88139327E-24
 0.19987889E+03  0.88123793E-24
 0.20049369E+03  0.88108373E-24
 0.20111038E+03  0.88093069E-24
 0.20172896E+03  0.88077879E-24
 0.20234945E+03  0.88062805E-24
 0.20297185E+03  0.88047847E-24
 0.20359616E+03  0.88033003E-24
 0.20422240E+03  0.88018276E-24
 0.20485056E+03  0.88003664E-24
 0.20548065E+03  0.87989168E-24
 0.20611268E+03  0.87974788E-24
 0.20674665E+03  0.87960523E-24
 0.20738257E+03  0.87946375E-24
 0.20802045E+03  0.87932343E-24
 0.20866029E+03  0.87918427E-24
 0.20930210E+03  0.87904628E-24
 0.20994589E+03  0.87890946E-24
 0.21059165E+03  0.87877380E-24
 0.21123940E+03  0.87863930E-24
 0.21188914E+03  0.87850598E-24
 0.21254088E+03  0.87837383E-24
 0.21319463E+03  0.87824285E-24
 0.21385039E+03  0.87811305E-24
 0.21450816E+03  0.87798442E-24
 0.21516796E+03  0.87785696E-24
 0.21582978E+03  0.87773068E-24
 0.21649364E+03  0.87760559E-24
 0.21715955E+03  0.87748167E-24
 0.21782750E+03  0.87735894E-24
 0.21849750E+03  0.87723738E-24
 0.21916957E+03  0.87711702E-24
 0.21984371E+03  0.87699784E-24
 0.22051991E+03  0.87687985E-24
 0.22119820E+03  0.87676305E-24
 0.22187858E+03  0.87664745E-24
 0.22256104E+03  0.87653304E-24
 0.22324561E+03  0.87641982E-24
 0.22393228E+03  0.87630780E-24
 0.22462107E+03  0.87619698E-24
 0.22531197E+03  0.87608736E-24
 0.22600500E+03  0.87597894E-24
 0.22670016E+03  0.87587173E-24
 0.22739745E+03  0.87576573E-24
 0.22809689E+03  0.87566094E-24
 0.22879849E+03  0.87555735E-24
 0.22950224E+03  0.87545498E-24
 0.23020816E+03  0.87535383E-24
 0.23091624E+03  0.87525389E-24
 0.23162651E+03  0.87515517E-24
 0.23233896E+03  0.87505767E-24
 0.23305360E+03  0.87496139E-24
 0.23377044E+03  0.87486635E-24
 0.23448949E+03  0.87477253E-24
 0.23521074E+03  0.87467993E-24
 0.23593422E+03  0.87458858E-24
 0.23665992E+03  0.87449845E-24
 0.23738785E+03  0.87440957E-24
 0.23811802E+03  0.87432192E-24
 0.23885044E+03  0.87423552E-24
 0.23958511E+03  0.87415036E-24
 0.24032204E+03  0.87406645E-24
 0.24106123E+03  0.87398378E-24
 0.24180270E+03  0.87390237E-24
 0.24254646E+03  0.87382222E-24
 0.24329249E+03  0.87374332E-24
 0.24404083E+03  0.87366568E-24
 0.24479146E+03  0.87358930E-24
 0.24554441E+03  0.87351419E-24
 0.24629967E+03  0.87344035E-24
 0.24705725E+03  0.87336778E-24
 0.24781716E+03  0.87329648E-24
 0.24857941E+03  0.87322645E-24
 0.24934401E+03  0.87315771E-24
 0.25011095E+03  0.87309025E-24
 0.25088026E+03  0.87302407E-24
 0.25165193E+03  0.87295918E-24
 0.25242598E+03  0.87289559E-24
 0.25320240E+03  0.87283328E-24
 0.25398122E+03  0.87277228E-24
 0.25476243E+03  0.87271257E-24
 0.25554604E+03  0.87265417E-24
 0.25633206E+03  0.87259707E-24
 0.25712050E+03  0.87254128E-24
 0.25791137E+03  0.87248681E-24
 0.25870467E+03  0.87243365E-24
 0.25950041E+03  0.87238181E-24
 0.26029859E+03  0.87233129E-24
 0.26109924E+03  0.87228210E-24
 0.26190234E+03  0.87223423E-24
 0.26270792E+03  0.87218770E-24
 0.26351597E+03  0.87214251E-24
 0.26432650E+03  0.87209865E-24
 0.26513954E+03  0.87205614E-24
 0.26595507E+03  0.87201498E-24
 0.26677311E+03  0.87197516E-24
 0.26759366E+03  0.87193670E-24
 0.26841674E+03  0.87189959E-24
 0.26924236E+03  0.87186385E-24
 0.27007051E+03  0.87182947E-24
 0.27090121E+03  0.87179646E-24
 0.27173446E+03  0.87176482E-24
 0.27257028E+03  0.87173456E-24
 0.27340866E+03  0.87170567E-24
 0.27424963E+03  0.87167818E-24
 0.27509318E+03  0.87165206E-24
 0.27593933E+03  0.87162734E-24
 0.27678808E+03  0.87160402E-24
 0.27763944E+03  0.87158209E-24
 0.27849342E+03  0.87156157E-24
 0.27935003E+03  0.87154246E-24
 0.28020927E+03  0.87152475E-24
 0.28107115E+03  0.87150847E-24
 0.28193569E+03  0.87149360E-24
 0.28280288E+03  0.87148016E-24
 0.28367274E+03  0.87146815E-24
 0.28454528E+03  0.87145756E-24
 0.28542050E+03  0.87144842E-24
 0.28629841E+03  0.87144072E-24
 0.28717903E+03  0.87143446E-24
 0.28806235E+03  0.87142966E-24
 0.28894839E+03  0.87142631E-24
 0.28983715E+03  0.87142441E-24
 0.29072865E+03  0.87142399E-24
 0.29162289E+03  0.87142503E-24
 0.29251988E+03  0.87142754E-24
 0.29341963E+03  0.87143153E-24
 0.29432215E+03  0.87143701E-24
 0.29522744E+03  0.87144397E-24
 0.29613552E+03  0.87145242E-24
 0.29704639E+03  0.87146237E-24
 0.29796006E+03  0.87147382E-24
 0.29887654E+03  0.87148678E-24
 0.29979584E+03  0.87150125E-24
 0.30071797E+03  0.87151724E-24
 0.30164294E+03  0.87153475E-24
 0.30257075E+03  0.87155378E-24
 0.30350142E+03  0.87157435E-24
 0.30443494E+03  0.87159645E-24
 0.30537134E+03  0.87162009E-24
 0.30631062E+03  0.87164529E-24
 0.30725279E+03  0.87167203E-24
 0.30819785E+03  0.87170033E-24
 0.30914583E+03  0.87173019E-24
 0.31009672E+03  0.87176163E-24
 0.31105053E+03  0.87179463E-24
 0.31200728E+03  0.87182922E-24
 0.31296697E+03  0.87186539E-24
 0.31392961E+03  0.87190315E-24
 0.31489521E+03  0.87194250E-24
 0.31586378E+03  0.87198346E-24
 0.31683534E+03  0.87202602E-24
 0.31780988E+03  0.87207019E-24
 0.31878741E+03  0.87211599E-24
 0.31976796E+03  0.87216340E-24
 0.32075152E+03  0.87221245E-24
 0.32173811E+03  0.87226313E-24
 0.32272773E+03  0.87231546E-24
 0.32372039E+03  0.87236943E-24
 0.32471611E+03  0.87242505E-24
 0.32571489E+03  0.87248234E-24
 0.32671674E+03  0.87254128E-24
 0.32772168E+03  0.87260190E-24
 0.32872970E+03  0.87266420E-24
 0.32974083E+03  0.87272818E-24
 0.33075506E+03  0.87279385E-24
 0.33177242E+03  0.87286122E-24
 0.33279290E+03  0.87293029E-24
 0.33381653E+03  0.87300107E-24
 0.33484330E+03  0.87307356E-24
 0.33587323E+03  0.87314778E-24
 0.33690633E+03  0.87322372E-24
 0.33794261E+03  0.87330140E-24
 0.33898207E+03  0.87338082E-24
 0.34002473E+03  0.87346199E-24
 0.34107060E+03  0.87354491E-24
 0.34211968E+03  0.87362959E-24
 0.34317199E+03  0.87371604E-24
 0.34422754E+03  0.87380426E-24
 0.34528634E+03  0.87389427E-24
 0.34634839E+03  0.87398606E-24
 0.34741371E+03  0.87407965E-24
 0.34848230E+03  0.87417504E-24
 0.34955418E+03  0.87427225E-24
 0.35062936E+03  0.87437126E-24
 0.35170785E+03  0.87447210E-24
 0.35278965E+03  0.87457477E-24
 0.35387478E+03  0.87467928E-24
 0.35496325E+03  0.87478563E-24
 0.35605507E+03  0.87489383E-24
 0.35715024E+03  0.87500390E-24
 0.35824879E+03  0.87511583E-24
 0.35935071E+03  0.87522963E-24
 0.36045602E+03  0.87534532E-24
 0.36156473E+03  0.87546289E-24
 0.36267685E+03  0.87558236E-24
 0.36379240E+03  0.87570374E-24
 0.36491137E+03  0.87582703E-24
 0.36603379E+03  0.87595223E-24
 0.36715965E+03  0.87607937E-24
 0.36828898E+03  0.87620844E-24
 0.36942179E+03  0.87633945E-24
 0.37055808E+03  0.87647241E-24
 0.37169786E+03  0.87660733E-24
 0.37284115E+03  0.87674422E-24
 0.37398796E+03  0.87688308E-24
 0.37513829E+03  0.87702393E-24
 0.37629216E+03  0.87716676E-24
 0.37744959E+03  0.87731160E-24
 0.37861057E+03  0.87745844E-24
 0.37977512E+03  0.87760730E-24
 0.38094325E+03  0.87775818E-24
 0.38211498E+03  0.87791109E-24
 0.38329031E+03  0.87806605E-24
 0.38446926E+03  0.87822305E-24
 0.38565183E+03  0.87838211E-24
 0.38683804E+03  0.87854323E-24
 0.38802790E+03  0.87870644E-24
 0.38922142E+03  0.87887172E-24
 0.39041861E+03  0.87903910E-24
 0.39161948E+03  0.87920857E-24
 0.39282405E+03  0.87938016E-24
 0.39403232E+03  0.87955386E-24
 0.39524431E+03  0.87972970E-24
 0.39646002E+03  0.87990766E-24
 0.39767948E+03  0.88008778E-24
 0.39890268E+03  0.88027005E-24
 0.40012965E+03  0.88045448E-24
 0.40136039E+03  0.88064108E-24
 0.40259492E+03  0.88082987E-24
 0.40383324E+03  0.88102085E-24
 0.40507538E+03  0.88121403E-24
 0.40632133E+03  0.88140941E-24
 0.40757112E+03  0.88160702E-24
 0.40882475E+03  0.88180686E-24
 0.41008224E+03  0.88200893E-24
 0.41134359E+03  0.88221325E-24
 0.41260883E+03  0.88241983E-24
 0.41387795E+03  0.88262868E-24
 0.41515098E+03  0.88283980E-24
 0.41642793E+03  0.88305321E-24
 0.41770880E+03  0.88326892E-24
 0.41899361E+03  0.88348693E-24
 0.42028238E+03  0.88370726E-24
 0.42157511E+03  0.88392991E-24
 0.42287181E+03  0.88415491E-24
 0.42417251E+03  0.88438225E-24
 0.42547720E+03  0.88461194E-24
 0.42678591E+03  0.88484400E-24
 0.42809864E+03  0.88507844E-24
 0.42941541E+03  0.88531527E-24
 0.43073623E+03  0.88555450E-24
 0.43206111E+03  0.88579613E-24
 0.43339007E+03  0.88604018E-24
 0.43472312E+03  0.88628666E-24
 0.43606027E+03  0.88653559E-24
 0.43740153E+03  0.88678696E-24
 0.43874691E+03  0.88704079E-24
 0.44009643E+03  0.88729710E-24
 0.44145011E+03  0.88755589E-24
 0.44280795E+03  0.88781717E-24
 0.44416996E+03  0.88808096E-24
 0.44553616E+03  0.88834726E-24
 0.44690657E+03  0.88861609E-24
 0.44828119E+03  0.88888746E-24
 0.44966004E+03  0.88916138E-24
 0.45104313E+03  0.88943786E-24
 0.45243047E+03  0.88971691E-24
 0.45382209E+03  0.88999854E-24
 0.45521798E+03  0.89028277E-24
 0.45661816E+03  0.89056960E-24
 0.45802266E+03  0.89085905E-24
 0.45943147E+03  0.89115113E-24
 0.46084462E+03  0.89144585E-24
 0.46226211E+03  0.89174322E-24
 0.46368396E+03  0.89204326E-24
 0.46511019E+03  0.89234597E-24
 0.46654080E+03  0.89265137E-24
 0.46797581E+03  0.89295947E-24
 0.46941524E+03  0.89327028E-24
 0.47085910E+03  0.89358381E-24
 0.47230739E+03  0.89390008E-24
 0.47376014E+03  0.89421909E-24
 0.47521736E+03  0.89454087E-24
 0.47667906E+03  0.89486542E-24
 0.47814526E+03  0.89519275E-24
 0.47961597E+03  0.89552288E-24
 0.48109120E+03  0.89585582E-24
 0.48257096E+03  0.89619158E-24
 0.48405528E+03  0.89653018E-24
 0.48554417E+03  0.89687162E-24
 0.48703763E+03  0.89721592E-24
 0.48853569E+03  0.89756309E-24
 0.49003836E+03  0.89791315E-24
 0.49154565E+03  0.89826611E-24
 0.49305757E+03  0.89862198E-24
 0.49457415E+03  0.89898077E-24
 0.49609539E+03  0.89934250E-24
 0.49762131E+03  0.89970718E-24
 0.49915192E+03  0.90007482E-24
 0.50068724E+03  0.90044544E-24
 0.50222728E+03  0.90081905E-24
 0.50377206E+03  0.90119566E-24
 0.50532159E+03  0.90157529E-24
 0.50687589E+03  0.90195794E-24
 0.50843497E+03  0.90234364E-24
 0.50999884E+03  0.90273240E-24
 0.51156753E+03  0.90312423E-24
 0.51314103E+03  0.90351914E-24
 0.51471938E+03  0.90391715E-24
 0.51630259E+03  0.90431827E-24
 0.51789066E+03  0.90472252E-24
 0.51948362E+03  0.90512991E-24
 0.52108148E+03  0.90554045E-24
 0.52268425E+03  0.90595416E-24
 0.52429195E+03  0.90637105E-24
 0.52590460E+03  0.90679114E-24
 0.52752221E+03  0.90721443E-24
 0.52914479E+03  0.90764095E-24
 0.53077236E+03  0.90807072E-24
 0.53240495E+03  0.90850373E-24
 0.53404255E+03  0.90894001E-24
 0.53568519E+03  0.90937958E-24
 0.53733288E+03  0.90982244E-24
 0.53898564E+03  0.91026861E-24
 0.54064348E+03  0.91071811E-24
 0.54230642E+03  0.91117095E-24
 0.54397448E+03  0.91162715E-24
 0.54564767E+03  0.91208672E-24
 0.54732600E+03  0.91254968E-24
 0.54900950E+03  0.91301603E-24
 0.55069818E+03  0.91348581E-24
 0.55239205E+03  0.91395901E-24
 0.55409112E+03  0.91443566E-24
 0.55579543E+03  0.91491578E-24
 0.55750498E+03  0.91539937E-24
 0.55921978E+03  0.91588645E-24
 0.56093986E+03  0.91637705E-24
 0.56266524E+03  0.91687116E-24
 0.56439591E+03  0.91736882E-24
 0.56613192E+03  0.91787003E-24
 0.56787326E+03  0.91837482E-24
 0.56961995E+03  0.91888319E-24
 0.57137202E+03  0.91939516E-24
 0.57312948E+03  0.91991075E-24
 0.57489235E+03  0.92042998E-24
 0.57666064E+03  0.92095286E-24
 0.57843436E+03  0.92147941E-24
 0.58021354E+03  0.92200963E-24
 0.58199820E+03  0.92254356E-24
 0.58378834E+03  0.92308121E-24
 0.58558399E+03  0.92362258E-24
 0.58738517E+03  0.92416771E-24
 0.58919188E+03  0.92471660E-24
 0.59100415E+03  0.92526927E-24
 0.59282199E+03  0.92582574E-24
 0.59464543E+03  0.92638603E-24
 0.59647448E+03  0.92695015E-24
 0.59830915E+03  0.92751812E-24
 0.60014946E+03  0.92808995E-24
 0.60199543E+03  0.92866567E-24
 0.60384709E+03  0.92924528E-24
 0.60570443E+03  0.92982882E-24
 0.60756750E+03  0.93041628E-24
 0.60943629E+03  0.93100770E-24
 0.61131083E+03  0.93160309E-24
 0.61319113E+03  0.93220246E-24
 0.61507722E+03  0.93280584E-24
 0.61696911E+03  0.93341324E-24
 0.61886682E+03  0.93402468E-24
 0.62077037E+03  0.93464017E-24
 0.62267977E+03  0.93525973E-24
 0.62459504E+03  0.93588339E-24
 0.62651621E+03  0.93651116E-24
 0.62844328E+03  0.93714305E-24
 0.63037629E+03  0.93777909E-24
 0.63231523E+03  0.93841930E-24
 0.63426014E+03  0.93906368E-24
 0.63621104E+03  0.93971226E-24
 0.63816793E+03  0.94036507E-24
 0.64013085E+03  0.94102210E-24
 0.64209980E+03  0.94168339E-24
 0.64407481E+03  0.94234896E-24
 0.64605589E+03  0.94301881E-24
 0.64804307E+03  0.94369298E-24
 0.65003635E+03  0.94437147E-24
 0.65203577E+03  0.94505431E-24
 0.65404134E+03  0.94574152E-24
 0.65605308E+03  0.94643311E-24
 0.65807101E+03  0.94712910E-24
 0.66009514E+03  0.94782951E-24
 0.66212550E+03  0.94853437E-24
 0.66416210E+03  0.94924369E-24
 0.66620497E+03  0.94995748E-24
 0.66825412E+03  0.95067577E-24
 0.67030958E+03  0.95139859E-24
 0.67237136E+03  0.95212593E-24
 0.67443947E+03  0.95285784E-24
 0.67651395E+03  0.95359432E-24
 0.67859481E+03  0.95433539E-24
 0.68068208E+03  0.95508108E-24
 0.68277576E+03  0.95583141E-24
 0.68487588E+03  0.95658639E-24
 0.68698246E+03  0.95734604E-24
 0.68909552E+03  0.95811038E-24
 0.69121508E+03  0.95887944E-24
 0.69334116E+03  0.95965323E-24
 0.69547378E+03  0.96043178E-24
 0.69761296E+03  0.96121510E-24
 0.69975872E+03  0.96200321E-24
 0.70191107E+03  0.96279614E-24
 0.70407005E+03  0.96359390E-24
 0.70623567E+03  0.96439651E-24
 0.70840795E+03  0.96520400E-24
 0.71058691E+03  0.96601639E-24
 0.71277258E+03  0.96683369E-24
 0.71496497E+03  0.96765592E-24
 0.71716410E+03  0.96848312E-24
 0.71936999E+03  0.96931529E-24
 0.72158267E+03  0.97015245E-24
 0.72380216E+03  0.97099464E-24
 0.72602847E+03  0.97184187E-24
 0.72826163E+03  0.97269416E-24
 0.73050166E+03  0.97355153E-24
 0.73274858E+03  0.97441401E-24
 0.73500241E+03  0.97528160E-24
 0.73726317E+03  0.97615435E-24
 0.73953089E+03  0.97703226E-24
 0.74180558E+03  0.97791536E-24
 0.74408727E+03  0.97880366E-24
 0.74637598E+03  0.97969720E-24
 0.74867172E+03  0.98059599E-24
 0.75097453E+03  0.98150006E-24
 0.75328442E+03  0.98240942E-24
 0.75560142E+03  0.98332410E-24
 0.75792554E+03  0.98424411E-24
 0.76025681E+03  0.98516949E-24
 0.76259525E+03  0.98610025E-24
 0.76494089E+03  0.98703642E-24
 0.76729374E+03  0.98797801E-24
 0.76965382E+03  0.98892505E-24
 0.77202117E+03  0.98987756E-24
 0.77439580E+03  0.99083557E-24
 0.77677773E+03  0.99179909E-24
 0.77916699E+03  0.99276815E-24
 0.78156359E+03  0.99374276E-24
 0.78396757E+03  0.99472297E-24
 0.78637895E+03  0.99570877E-24
 0.78879774E+03  0.99670021E-24
 0.79122397E+03  0.99769729E-24
 0.79365766E+03  0.99870005E-24
 0.79609884E+03  0.99970850E-24
 0.79854752E+03  0.10007227E-23
 0.80100374E+03  0.10017426E-23
 0.80346752E+03  0.10027683E-23
 0.80593887E+03  0.10037997E-23
 0.80841782E+03  0.10048370E-23
 0.81090440E+03  0.10058801E-23
 0.81339863E+03  0.10069291E-23
 0.81590052E+03  0.10079839E-23
 0.81841012E+03  0.10090447E-23
 0.82092743E+03  0.10101113E-23
 0.82345249E+03  0.10111840E-23
 0.82598531E+03  0.10122626E-23
 0.82852592E+03  0.10133472E-23
 0.83107435E+03  0.10144378E-23
 0.83363062E+03  0.10155345E-23
 0.83619475E+03  0.10166372E-23
 0.83876676E+03  0.10177460E-23
 0.84134669E+03  0.10188609E-23
 0.84393456E+03  0.10199820E-23
 0.84653038E+03  0.10211093E-23
 0.84913419E+03  0.10222427E-23
 0.85174600E+03  0.10233823E-23
 0.85436585E+03  0.10245282E-23
 0.85699376E+03  0.10256804E-23
 0.85962975E+03  0.10268388E-23
 0.86227385E+03  0.10280035E-23
 0.86492608E+03  0.10291746E-23
 0.86758647E+03  0.10303520E-23
 0.87025504E+03  0.10315358E-23
 0.87293182E+03  0.10327261E-23
 0.87561684E+03  0.10339227E-23
 0.87831011E+03  0.10351258E-23
 0.88101167E+03  0.10363354E-23
 0.88372154E+03  0.10375515E-23
 0.88643974E+03  0.10387742E-23
 0.88916630E+03  0.10400033E-23
 0.89190125E+03  0.10412391E-23
 0.89464461E+03  0.10424815E-23
 0.89739641E+03  0.10437306E-23
 0.90015667E+03  0.10449863E-23
 0.90292543E+03  0.10462486E-23
 0.90570270E+03  0.10475178E-23
 0.90848851E+03  0.10487936E-23
 0.91128289E+03  0.10500763E-23
 0.91408587E+03  0.10513657E-23
 0.91689747E+03  0.10526620E-23
 0.91971771E+03  0.10539652E-23
 0.92254664E+03  0.10552754E-23
 0.92538426E+03  0.10565925E-23
 0.92823061E+03  0.10579168E-23
 0.93108571E+03  0.10592482E-23
 0.93394960E+03  0.10605871E-23
 0.93682230E+03  0.10619339E-23
 0.93970383E+03  0.10632894E-23
 0.94259423E+03  0.10646559E-23
 0.94549351E+03  0.10660413E-23
 0.94840172E+03  0.10674896E-23
 0.95131886E+03  0.10701007E-23
 0.95424499E+03  0.10707868E-23
 0.95718011E+03  0.10716223E-23
 0.96012426E+03  0.10729684E-23
 0.96307746E+03  0.10743611E-23
 0.96603975E+03  0.10757702E-23
 0.96901115E+03  0.10771898E-23
 0.97199169E+03  0.10786182E-23
 0.97498140E+03  0.10800546E-23
 0.97798031E+03  0.10814988E-23
 0.98098844E+03  0.10829506E-23
 0.98400582E+03  0.10844100E-23
 0.98703248E+03  0.10858769E-23
 0.99006845E+03  0.10873514E-23
 0.99311376E+03  0.10888334E-23
 0.99616844E+03  0.10903229E-23
 0.99923251E+03  0.10918200E-23
 0.10023060E+04  0.10933248E-23
 0.10053890E+04  0.10948371E-23
 0.10084814E+04  0.10963570E-23
 0.10115833E+04  0.10978847E-23
 0.10146948E+04  0.10994200E-23
 0.10178159E+04  0.11009630E-23
 0.10209465E+04  0.11025138E-23
 0.10240868E+04  0.11040723E-23
 0.10272368E+04  0.11056386E-23
 0.10303964E+04  0.11072128E-23
 0.10335658E+04  0.11087948E-23
 0.10367449E+04  0.11103846E-23
 0.10399337E+04  0.11119824E-23
 0.10431324E+04  0.11135881E-23
 0.10463410E+04  0.11152017E-23
 0.10495594E+04  0.11168234E-23
 0.10527876E+04  0.11184530E-23
 0.10560259E+04  0.11200907E-23
 0.10592741E+04  0.11217364E-23
 0.10625322E+04  0.11233903E-23
 0.10658004E+04  0.11250523E-23
 0.10690787E+04  0.11267224E-23
 0.10723670E+04  0.11284007E-23
 0.10756655E+04  0.11300872E-23
 0.10789741E+04  0.11317820E-23
 0.10822928E+04  0.11334850E-23
 0.10856218E+04  0.11351963E-23
 0.10889610E+04  0.11369159E-23
 0.10923105E+04  0.11386439E-23
 0.10956703E+04  0.11403803E-23
 0.10990404E+04  0.11421251E-23
 0.11024209E+04  0.11438783E-23
 0.11058118E+04  0.11456400E-23
 0.11092131E+04  0.11474101E-23
 0.11126249E+04  0.11491888E-23
 0.11160472E+04  0.11509761E-23
 0.11194800E+04  0.11527719E-23
 0.11229234E+04  0.11545764E-23
 0.11263773E+04  0.11563894E-23
 0.11298419E+04  0.11582112E-23
 0.11333171E+04  0.11600416E-23
 0.11368030E+04  0.11618808E-23
 0.11402997E+04  0.11637288E-23
 0.11438071E+04  0.11655855E-23
 0.11473253E+04  0.11674510E-23
 0.11508543E+04  0.11693254E-23
 0.11543942E+04  0.11712087E-23
 0.11579449E+04  0.11731009E-23
 0.11615066E+04  0.11750020E-23
 0.11650792E+04  0.11769120E-23
 0.11686628E+04  0.11788311E-23
 0.11722575E+04  0.11807592E-23
 0.11758632E+04  0.11826963E-23
 0.11794800E+04  0.11846426E-23
 0.11831079E+04  0.11865979E-23
 0.11867469E+04  0.11885624E-23
 0.11903972E+04  0.11905361E-23
 0.11940587E+04  0.11925189E-23
 0.11977314E+04  0.11945110E-23
 0.12014155E+04  0.11965124E-23
 0.12051109E+04  0.11985231E-23
 0.12088176E+04  0.12005431E-23
 0.12125358E+04  0.12025724E-23
 0.12162654E+04  0.12046111E-23
 0.12200064E+04  0.12066593E-23
 0.12237590E+04  0.12087169E-23
 0.12275231E+04  0.12107840E-23
 0.12312988E+04  0.12128606E-23
 0.12350861E+04  0.12149467E-23
 0.12388850E+04  0.12170424E-23
 0.12426957E+04  0.12191477E-23
 0.12465180E+04  0.12212627E-23
 0.12503521E+04  0.12233873E-23
 0.12541981E+04  0.12255216E-23
 0.12580558E+04  0.12276657E-23
 0.12619254E+04  0.12298194E-23
 0.12658069E+04  0.12319830E-23
 0.12697003E+04  0.12341564E-23
 0.12736058E+04  0.12363397E-23
 0.12775232E+04  0.12385329E-23
 0.12814527E+04  0.12407359E-23
 0.12853942E+04  0.12429489E-23
 0.12893479E+04  0.12451719E-23
 0.12933138E+04  0.12474049E-23
 0.12972918E+04  0.12496480E-23
 0.13012821E+04  0.12519011E-23
 0.13052847E+04  0.12541643E-23
 0.13092995E+04  0.12564377E-23
 0.13133268E+04  0.12587212E-23
 0.13173664E+04  0.12610150E-23
 0.13214184E+04  0.12633189E-23
 0.13254829E+04  0.12656332E-23
 0.13295599E+04  0.12679577E-23
 0.13336494E+04  0.12702926E-23
 0.13377515E+04  0.12726378E-23
 0.13418663E+04  0.12749935E-23
 0.13459937E+04  0.12773595E-23
 0.13501337E+04  0.12797360E-23
 0.13542866E+04  0.12821231E-23
 0.13584522E+04  0.12845206E-23
 0.13626306E+04  0.12869287E-23
 0.13668218E+04  0.12893474E-23
 0.13710260E+04  0.12917767E-23
 0.13752431E+04  0.12942167E-23
 0.13794731E+04  0.12966674E-23
 0.13837162E+04  0.12991288E-23
 0.13879723E+04  0.13016009E-23
 0.13922415E+04  0.13040839E-23
 0.13965238E+04  0.13065776E-23
 0.14008193E+04  0.13090823E-23
 0.14051281E+04  0.13115978E-23
 0.14094500E+04  0.13141242E-23
 0.14137853E+04  0.13166616E-23
 0.14181339E+04  0.13192100E-23
 0.14224959E+04  0.13217694E-23
 0.14268713E+04  0.13243399E-23
 0.14312601E+04  0.13269215E-23
 0.14356625E+04  0.13295142E-23
 0.14400784E+04  0.13321180E-23
 0.14445079E+04  0.13347331E-23
 0.14489510E+04  0.13373593E-23
 0.14534077E+04  0.13399969E-23
 0.14578782E+04  0.13426457E-23
 0.14623624E+04  0.13453059E-23
 0.14668604E+04  0.13479774E-23
 0.14713723E+04  0.13506603E-23
 0.14758980E+04  0.13533547E-23
 0.14804377E+04  0.13560605E-23
 0.14849913E+04  0.13587778E-23
 0.14895589E+04  0.13615067E-23
 0.14941406E+04  0.13642472E-23
 0.14987364E+04  0.13669992E-23
 0.15033463E+04  0.13697629E-23
 0.15079703E+04  0.13725383E-23
 0.15126086E+04  0.13753253E-23
 0.15172612E+04  0.13781242E-23
 0.15219281E+04  0.13809348E-23
 0.15266093E+04  0.13837572E-23
 0.15313050E+04  0.13865915E-23
 0.15360150E+04  0.13894376E-23
 0.15407396E+04  0.13922957E-23
 0.15454787E+04  0.13951658E-23
 0.15502324E+04  0.13980478E-23
 0.15550007E+04  0.14009419E-23
 0.15597836E+04  0.14038480E-23
 0.15645813E+04  0.14067663E-23
 0.15693937E+04  0.14096967E-23
 0.15742210E+04  0.14126392E-23
 0.15790630E+04  0.14155940E-23
 0.15839200E+04  0.14185610E-23
 0.15887919E+04  0.14215403E-23
 0.15936788E+04  0.14245319E-23
 0.15985807E+04  0.14275358E-23
 0.16034978E+04  0.14305522E-23
 0.16084299E+04  0.14335809E-23
 0.16133772E+04  0.14366222E-23
 0.16183397E+04  0.14396759E-23
 0.16233175E+04  0.14427422E-23
 0.16283106E+04  0.14458211E-23
 0.16333190E+04  0.14489125E-23
 0.16383429E+04  0.14520166E-23
 0.16433822E+04  0.14551334E-23
 0.16484370E+04  0.14582629E-23
 0.16535074E+04  0.14614052E-23
 0.16585933E+04  0.14645603E-23
 0.16636949E+04  0.14677282E-23
 0.16688122E+04  0.14709090E-23
 0.16739452E+04  0.14741026E-23
 0.16790941E+04  0.14773093E-23
 0.16842587E+04  0.14805289E-23
 0.16894393E+04  0.14837615E-23
 0.16946357E+04  0.14870072E-23
 0.16998482E+04  0.14902660E-23
 0.17050767E+04  0.14935379E-23
 0.17103213E+04  0.14968230E-23
 0.17155820E+04  0.15001214E-23
 0.17208588E+04  0.15034329E-23
 0.17261520E+04  0.15067578E-23
 0.17314614E+04  0.15100960E-23
 0.17367871E+04  0.15134475E-23
 0.17421292E+04  0.15168125E-23
 0.17474877E+04  0.15201908E-23
 0.17528628E+04  0.15235827E-23
 0.17582543E+04  0.15269881E-23
 0.17636625E+04  0.15304071E-23
 0.17690872E+04  0.15338396E-23
 0.17745287E+04  0.15372858E-23
 0.17799869E+04  0.15407457E-23
 0.17854619E+04  0.15442193E-23
 0.17909537E+04  0.15477066E-23
 0.17964624E+04  0.15512077E-23
 0.18019881E+04  0.15547227E-23
 0.18075308E+04  0.15582515E-23
 0.18130905E+04  0.15617943E-23
 0.18186673E+04  0.15653510E-23
 0.18242612E+04  0.15689217E-23
 0.18298724E+04  0.15725065E-23
 0.18355008E+04  0.15761053E-23
 0.18411466E+04  0.15797182E-23
 0.18468097E+04  0.15833453E-23
 0.18524902E+04  0.15869866E-23
 0.18581882E+04  0.15906421E-23
 0.18639037E+04  0.15943120E-23
 0.18696368E+04  0.15979961E-23
 0.18753876E+04  0.16016947E-23
 0.18811560E+04  0.16054076E-23
 0.18869422E+04  0.16091352E-23
 0.18927461E+04  0.16128776E-23
 0.18985679E+04  0.16166372E-23
 0.19044077E+04  0.16208676E-23
 0.19102653E+04  0.16241958E-23
 0.19161411E+04  0.16279907E-23
 0.19220348E+04  0.16318046E-23
 0.19279467E+04  0.16356339E-23
 0.19338768E+04  0.16394781E-23
 0.19398252E+04  0.16433372E-23
 0.19457918E+04  0.16472111E-23
 0.19517768E+04  0.16511000E-23
 0.19577802E+04  0.16550038E-23
 0.19638020E+04  0.16589226E-23
 0.19698424E+04  0.16628565E-23
 0.19759013E+04  0.16668054E-23
 0.19819789E+04  0.16707694E-23
 0.19880752E+04  0.16747486E-23
 0.19941903E+04  0.16787430E-23
 0.20003241E+04  0.16827526E-23
 0.20064768E+04  0.16867775E-23
 0.20126484E+04  0.16908177E-23
 0.20188391E+04  0.16948733E-23
 0.20250487E+04  0.16989443E-23
 0.20312775E+04  0.17030308E-23
 0.20375254E+04  0.17071328E-23
 0.20437926E+04  0.17112503E-23
 0.20500790E+04  0.17153834E-23
 0.20563847E+04  0.17195321E-23
 0.20627099E+04  0.17236966E-23
 0.20690545E+04  0.17278767E-23
 0.20754186E+04  0.17320726E-23
 0.20818023E+04  0.17362843E-23
 0.20882056E+04  0.17405119E-23
 0.20946286E+04  0.17447554E-23
 0.21010714E+04  0.17490148E-23
 0.21075340E+04  0.17532902E-23
 0.21140165E+04  0.17575816E-23
 0.21205189E+04  0.17618891E-23
 0.21270413E+04  0.17662128E-23
 0.21335838E+04  0.17705526E-23
 0.21401464E+04  0.17749086E-23
 0.21467292E+04  0.17792809E-23
 0.21533322E+04  0.17836695E-23
 0.21599556E+04  0.17880745E-23
 0.21665993E+04  0.17924958E-23
 0.21732634E+04  0.17969336E-23
 0.21799481E+04  0.18013879E-23
 0.21866533E+04  0.18058587E-23
 0.21933791E+04  0.18103462E-23
 0.22001256E+04  0.18148502E-23
 0.22068929E+04  0.18193709E-23
 0.22136810E+04  0.18239084E-23
 0.22204900E+04  0.18284626E-23
 0.22273199E+04  0.18330337E-23
 0.22341708E+04  0.18376216E-23
 0.22410428E+04  0.18422264E-23
 0.22479359E+04  0.18468482E-23
 0.22548503E+04  0.18514870E-23
 0.22617859E+04  0.18561429E-23
 0.22687428E+04  0.18608159E-23
 0.22757211E+04  0.18655060E-23
 0.22827209E+04  0.18702133E-23
 0.22897422E+04  0.18749379E-23
 0.22967852E+04  0.18796798E-23
 0.23038497E+04  0.18844390E-23
 0.23109361E+04  0.18892156E-23
 0.23180442E+04  0.18940097E-23
 0.23251741E+04  0.18988213E-23
 0.23323261E+04  0.19036504E-23
 0.23395000E+04  0.19084971E-23
 0.23466959E+04  0.19133614E-23
 0.23539140E+04  0.19182435E-23
 0.23611543E+04  0.19231433E-23
 0.23684169E+04  0.19280608E-23
 0.23757018E+04  0.19329963E-23
 0.23830091E+04  0.19379496E-23
 0.23903389E+04  0.19429208E-23
 0.23976913E+04  0.19479101E-23
 0.24050662E+04  0.19529174E-23
 0.24124639E+04  0.19579428E-23
 0.24198843E+04  0.19629863E-23
 0.24273275E+04  0.19680480E-23
 0.24347936E+04  0.19731280E-23
 0.24422827E+04  0.19782263E-23
 0.24497948E+04  0.19833429E-23
 0.24573300E+04  0.19884780E-23
 0.24648884E+04  0.19936314E-23
 0.24724701E+04  0.19988034E-23
 0.24800750E+04  0.20039940E-23
 0.24877034E+04  0.20092032E-23
 0.24953552E+04  0.20144310E-23
 0.25030306E+04  0.20196775E-23
 0.25107295E+04  0.20249429E-23
 0.25184522E+04  0.20302270E-23
 0.25261986E+04  0.20355300E-23
 0.25339688E+04  0.20408519E-23
 0.25417630E+04  0.20461929E-23
 0.25495811E+04  0.20515528E-23
 0.25574232E+04  0.20569319E-23
 0.25652895E+04  0.20623300E-23
 0.25731799E+04  0.20677474E-23
 0.25810947E+04  0.20731840E-23
 0.25890338E+04  0.20786400E-23
 0.25969973E+04  0.20841153E-23
 0.26049852E+04  0.20896100E-23
 0.26129978E+04  0.20951241E-23
 0.26210350E+04  0.21006578E-23
 0.26290970E+04  0.21062111E-23
 0.26371837E+04  0.21117840E-23
 0.26452953E+04  0.21173766E-23
 0.26534318E+04  0.21229890E-23
 0.26615934E+04  0.21286211E-23
 0.26697801E+04  0.21342731E-23
 0.26779920E+04  0.21399450E-23
 0.26862291E+04  0.21456369E-23
 0.26944915E+04  0.21513488E-23
 0.27027794E+04  0.21570807E-23
 0.27110928E+04  0.21628329E-23
 0.27194317E+04  0.21686052E-23
 0.27277963E+04  0.21743977E-23
 0.27361866E+04  0.21802106E-23
 0.27446027E+04  0.21860439E-23
 0.27530448E+04  0.21918975E-23
 0.27615127E+04  0.21977717E-23
 0.27700067E+04  0.22036663E-23
 0.27785269E+04  0.22095816E-23
 0.27870732E+04  0.22155176E-23
 0.27956459E+04  0.22214742E-23
 0.28042449E+04  0.22274516E-23
 0.28128704E+04  0.22334499E-23
 0.28215223E+04  0.22394691E-23
 0.28302010E+04  0.22455092E-23
 0.28389062E+04  0.22515703E-23
 0.28476383E+04  0.22576528E-23
 0.28563972E+04  0.22637887E-23
 0.28651831E+04  0.22698809E-23
 0.28739960E+04  0.22760261E-23
 0.28828360E+04  0.22821930E-23
 0.28917032E+04  0.22883814E-23
 0.29005977E+04  0.22945912E-23
 0.29095195E+04  0.23008226E-23
 0.29184688E+04  0.23070754E-23
 0.29274456E+04  0.23133499E-23
 0.29364500E+04  0.23196461E-23
 0.29454821E+04  0.23259640E-23
 0.29545420E+04  0.23323037E-23
 0.29636297E+04  0.23386653E-23
 0.29727454E+04  0.23450487E-23
 0.29818892E+04  0.23514542E-23
 0.29910610E+04  0.23578817E-23
 0.30002611E+04  0.23643313E-23
 0.30094895E+04  0.23708031E-23
 0.30187463E+04  0.23772971E-23
 0.30280315E+04  0.23838135E-23
 0.30373453E+04  0.23903521E-23
 0.30466877E+04  0.23969132E-23
 0.30560589E+04  0.24034968E-23
 0.30654589E+04  0.24101030E-23
 0.30748878E+04  0.24167317E-23
 0.30843457E+04  0.24233832E-23
 0.30938327E+04  0.24300574E-23
 0.31033489E+04  0.24367544E-23
 0.31128944E+04  0.24434742E-23
 0.31224692E+04  0.24502171E-23
 0.31320735E+04  0.24569829E-23
 0.31417073E+04  0.24637718E-23
 0.31513708E+04  0.24705838E-23
 0.31610639E+04  0.24774190E-23
 0.31707869E+04  0.24842775E-23
 0.31805398E+04  0.24911594E-23
 0.31903227E+04  0.24980646E-23
 0.32001357E+04  0.25049933E-23
 0.32099788E+04  0.25119455E-23
 0.32198523E+04  0.25189214E-23
 0.32297561E+04  0.25259209E-23
 0.32396903E+04  0.25329442E-23
 0.32496552E+04  0.25399912E-23
 0.32596506E+04  0.25470622E-23
 0.32696769E+04  0.25541571E-23
 0.32797339E+04  0.25612759E-23
 0.32898219E+04  0.25684189E-23
 0.32999410E+04  0.25755860E-23
 0.33100911E+04  0.25827774E-23
 0.33202725E+04  0.25899930E-23
 0.33304852E+04  0.25972330E-23
 0.33407293E+04  0.26044974E-23
 0.33510049E+04  0.26117863E-23
 0.33613121E+04  0.26190998E-23
 0.33716510E+04  0.26264379E-23
 0.33820217E+04  0.26338007E-23
 0.33924243E+04  0.26411883E-23
 0.34028590E+04  0.26486008E-23
 0.34133257E+04  0.26560382E-23
 0.34238246E+04  0.26635005E-23
 0.34343558E+04  0.26709880E-23
 0.34449194E+04  0.26785005E-23
 0.34555154E+04  0.26860383E-23
 0.34661441E+04  0.26936014E-23
 0.34768055E+04  0.27011898E-23
 0.34874996E+04  0.27088036E-23
 0.34982267E+04  0.27164430E-23
 0.35089867E+04  0.27241079E-23
 0.35197799E+04  0.27317985E-23
 0.35306062E+04  0.27395148E-23
 0.35414659E+04  0.27472568E-23
 0.35523589E+04  0.27550248E-23
 0.35632855E+04  0.27628187E-23
 0.35742456E+04  0.27706386E-23
 0.35852395E+04  0.27784846E-23
 0.35962672E+04  0.27863568E-23
 0.36073288E+04  0.27942552E-23
 0.36184244E+04  0.28021799E-23
 0.36295542E+04  0.28101311E-23
 0.36407182E+04  0.28181087E-23
 0.36519165E+04  0.28261129E-23
 0.36631493E+04  0.28341436E-23
 0.36744166E+04  0.28422011E-23
 0.36857186E+04  0.28502854E-23
 0.36970553E+04  0.28583965E-23
 0.37084270E+04  0.28665346E-23
 0.37198336E+04  0.28746997E-23
 0.37312752E+04  0.28828918E-23
 0.37427521E+04  0.28911111E-23
 0.37542643E+04  0.28993577E-23
 0.37658119E+04  0.29076316E-23
 0.37773950E+04  0.29159329E-23
 0.37890137E+04  0.29242618E-23
 0.38006682E+04  0.29326183E-23
 0.38123585E+04  0.29410052E-23
 0.38240848E+04  0.29494139E-23
 0.38358471E+04  0.29578534E-23
 0.38476456E+04  0.29663208E-23
 0.38594804E+04  0.29748161E-23
 0.38713516E+04  0.29833396E-23
 0.38832594E+04  0.29918911E-23
 0.38952037E+04  0.30004709E-23
 0.39071848E+04  0.30090790E-23
 0.39192028E+04  0.30177154E-23
 0.39312577E+04  0.30263803E-23
 0.39433497E+04  0.30350737E-23
 0.39554788E+04  0.30437958E-23
 0.39676453E+04  0.30525465E-23
 0.39798493E+04  0.30613261E-23
 0.39920907E+04  0.30701345E-23
 0.40043698E+04  0.30789719E-23
 0.40166867E+04  0.30878383E-23
 0.40290414E+04  0.30967338E-23
 0.40414342E+04  0.31056586E-23
 0.40538651E+04  0.31146126E-23
 0.40663342E+04  0.31235960E-23
 0.40788417E+04  0.31326089E-23
 0.40913876E+04  0.31416514E-23
 0.41039721E+04  0.31507234E-23
 0.41165954E+04  0.31598253E-23
 0.41292574E+04  0.31689569E-23
 0.41419584E+04  0.31781184E-23
 0.41546985E+04  0.31873099E-23
 0.41674778E+04  0.31965315E-23
 0.41802963E+04  0.32057832E-23
 0.41931543E+04  0.32150652E-23
 0.42060519E+04  0.32243775E-23
 0.42189891E+04  0.32337202E-23
 0.42319661E+04  0.32430935E-23
 0.42449830E+04  0.32524973E-23
 0.42580400E+04  0.32619319E-23
 0.42711371E+04  0.32713972E-23
 0.42842745E+04  0.32808934E-23
 0.42974524E+04  0.32904206E-23
 0.43106707E+04  0.32999788E-23
 0.43239297E+04  0.33095682E-23
 0.43372295E+04  0.33191888E-23
 0.43505702E+04  0.33288407E-23
 0.43639519E+04  0.33385240E-23
 0.43773748E+04  0.33482389E-23
 0.43908390E+04  0.33579853E-23
 0.44043446E+04  0.33677635E-23
 0.44178918E+04  0.33775734E-23
 0.44314806E+04  0.33874153E-23
 0.44451112E+04  0.33972890E-23
 0.44587837E+04  0.34071949E-23
 0.44724983E+04  0.34171329E-23
 0.44862551E+04  0.34271032E-23
 0.45000541E+04  0.34371059E-23
 0.45138957E+04  0.34471409E-23
 0.45277798E+04  0.34572086E-23
 0.45417066E+04  0.34673088E-23
 0.45556762E+04  0.34774418E-23
 0.45696888E+04  0.34876076E-23
 0.45837446E+04  0.34978064E-23
 0.45978435E+04  0.35080382E-23
 0.46119858E+04  0.35183030E-23
 0.46261716E+04  0.35286011E-23
 0.46404011E+04  0.35389326E-23
 0.46546743E+04  0.35492974E-23
 0.46689914E+04  0.35596957E-23
 0.46833526E+04  0.35701277E-23
 0.46977579E+04  0.35805934E-23
 0.47122075E+04  0.35910928E-23
 0.47267016E+04  0.36016262E-23
 0.47412403E+04  0.36121936E-23
 0.47558236E+04  0.36227953E-23
 0.47704519E+04  0.36334309E-23
 0.47851251E+04  0.36441008E-23
 0.47998435E+04  0.36548052E-23
 0.48146071E+04  0.36655441E-23
 0.48294162E+04  0.36763177E-23
 0.48442708E+04  0.36871259E-23
 0.48591711E+04  0.36979690E-23
 0.48741172E+04  0.37088470E-23
 0.48891093E+04  0.37197600E-23
 0.49041475E+04  0.37307082E-23
 0.49192319E+04  0.37416916E-23
 0.49343628E+04  0.37527103E-23
 0.49495402E+04  0.37637644E-23
 0.49647643E+04  0.37748541E-23
 0.49800352E+04  0.37859795E-23
 0.49953531E+04  0.37971406E-23
 0.50107181E+04  0.38083375E-23
 0.50261303E+04  0.38195704E-23
 0.50415900E+04  0.38308394E-23
 0.50570972E+04  0.38421446E-23
 0.50726521E+04  0.38534861E-23
 0.50882549E+04  0.38648639E-23
 0.51039056E+04  0.38762783E-23
 0.51196045E+04  0.38877292E-23
 0.51353517E+04  0.38992169E-23
 0.51511473E+04  0.39107414E-23
 0.51669915E+04  0.39223029E-23
 0.51828844E+04  0.39339014E-23
 0.51988262E+04  0.39455370E-23
 0.52148171E+04  0.39572099E-23
 0.52308571E+04  0.39689202E-23
 0.52469465E+04  0.39806680E-23
 0.52630854E+04  0.39924533E-23
 0.52792739E+04  0.40042764E-23
 0.52955122E+04  0.40161373E-23
 0.53118004E+04  0.40280361E-23
 0.53281387E+04  0.40399730E-23
 0.53445273E+04  0.40519480E-23
 0.53609663E+04  0.40639613E-23
 0.53774559E+04  0.40760130E-23
 0.53939962E+04  0.40881032E-23
 0.54105874E+04  0.41002320E-23
 0.54272296E+04  0.41123995E-23
 0.54439230E+04  0.41246059E-23
 0.54606677E+04  0.41368512E-23
 0.54774639E+04  0.41491356E-23
 0.54943118E+04  0.41614592E-23
 0.55112116E+04  0.41738221E-23
 0.55281633E+04  0.41862245E-23
 0.55451671E+04  0.41986664E-23
 0.55622233E+04  0.42111479E-23
 0.55793319E+04  0.42236692E-23
 0.55964931E+04  0.42362304E-23
 0.56137071E+04  0.42488316E-23
 0.56309741E+04  0.42614730E-23
 0.56482942E+04  0.42741546E-23
 0.56656675E+04  0.42868766E-23
 0.56830943E+04  0.42996390E-23
 0.57005747E+04  0.43124421E-23
 0.57181088E+04  0.43252864E-23
 0.57356969E+04  0.43381706E-23
 0.57533391E+04  0.43510963E-23
 0.57710356E+04  0.43640630E-23
 0.57887865E+04  0.43770710E-23
 0.58065919E+04  0.43901203E-23
 0.58244522E+04  0.44032111E-23
 0.58423674E+04  0.44163435E-23
 0.58603377E+04  0.44295176E-23
 0.58783632E+04  0.44427336E-23
 0.58964443E+04  0.44559915E-23
 0.59145809E+04  0.44692915E-23
 0.59327733E+04  0.44826337E-23
 0.59510217E+04  0.44960183E-23
 0.59693262E+04  0.45094453E-23
 0.59876870E+04  0.45229150E-23
 0.60061042E+04  0.45364273E-23
 0.60245781E+04  0.45499825E-23
 0.60431089E+04  0.45635807E-23
 0.60616966E+04  0.45772220E-23
 0.60803416E+04  0.45909066E-23
 0.60990438E+04  0.46046345E-23
 0.61178036E+04  0.46184059E-23
 0.61366211E+04  0.46322209E-23
 0.61554965E+04  0.46460797E-23
 0.61744299E+04  0.46599824E-23
 0.61934216E+04  0.46739291E-23
 0.62124717E+04  0.46879199E-23
 0.62315804E+04  0.47019550E-23
 0.62507478E+04  0.47160346E-23
 0.62699742E+04  0.47301587E-23
 0.62892598E+04  0.47443275E-23
 0.63086046E+04  0.47585411E-23
 0.63280090E+04  0.47727996E-23
 0.63474731E+04  0.47871032E-23
 0.63669970E+04  0.48014521E-23
 0.63865810E+04  0.48158463E-23
 0.64062252E+04  0.48302860E-23
 0.64259298E+04  0.48447713E-23
 0.64456951E+04  0.48593024E-23
 0.64655211E+04  0.48738794E-23
 0.64854081E+04  0.48885024E-23
 0.65053563E+04  0.49031716E-23
 0.65253659E+04  0.49178871E-23
 0.65454370E+04  0.49326491E-23
 0.65655698E+04  0.49474577E-23
 0.65857646E+04  0.49623130E-23
 0.66060215E+04  0.49772152E-23
 0.66263406E+04  0.49921644E-23
 0.66467223E+04  0.50071607E-23
 0.66671667E+04  0.50222151E-23
 0.66876740E+04  0.50372955E-23
 0.67082443E+04  0.50524342E-23
 0.67288779E+04  0.50676206E-23
 0.67495750E+04  0.50828548E-23
 0.67703357E+04  0.50981371E-23
 0.67911603E+04  0.51134676E-23
 0.68120489E+04  0.51288463E-23
 0.68330018E+04  0.51442735E-23
 0.68540192E+04  0.51597493E-23
 0.68751012E+04  0.51752738E-23
 0.68962480E+04  0.51908472E-23
 0.69174599E+04  0.52064697E-23
 0.69387370E+04  0.52221413E-23
 0.69600796E+04  0.52378623E-23
 0.69814878E+04  0.52536327E-23
 0.70029619E+04  0.52694527E-23
 0.70245020E+04  0.52853226E-23
 0.70461083E+04  0.53012423E-23
 0.70677812E+04  0.53172121E-23
 0.70895207E+04  0.53332322E-23
 0.71113270E+04  0.53493026E-23
 0.71332004E+04  0.53654236E-23
 0.71551412E+04  0.53815952E-23
 0.71771494E+04  0.53978177E-23
 0.71992252E+04  0.54140912E-23
 0.72213690E+04  0.54304158E-23
 0.72435809E+04  0.54467917E-23
 0.72658612E+04  0.54632190E-23
 0.72882099E+04  0.54796979E-23
 0.73106274E+04  0.54962287E-23
 0.73331139E+04  0.55128113E-23
 0.73556695E+04  0.55294460E-23
 0.73782945E+04  0.55461329E-23
 0.74009891E+04  0.55628722E-23
 0.74237535E+04  0.55796641E-23
 0.74465879E+04  0.55965086E-23
 0.74694925E+04  0.56134060E-23
 0.74924676E+04  0.56303565E-23
 0.75155134E+04  0.56473601E-23
 0.75386300E+04  0.56644171E-23
 0.75618178E+04  0.56815275E-23
 0.75850769E+04  0.56986916E-23
 0.76084075E+04  0.57159096E-23
 0.76318099E+04  0.57331816E-23
 0.76552842E+04  0.57505076E-23
 0.76788308E+04  0.57678881E-23
 0.77024498E+04  0.57853229E-23
 0.77261414E+04  0.58028125E-23
 0.77499060E+04  0.58203568E-23
 0.77737436E+04  0.58379561E-23
 0.77976545E+04  0.58556106E-23
 0.78216390E+04  0.58733204E-23
 0.78456972E+04  0.58910856E-23
 0.78698295E+04  0.59089065E-23
 0.78940359E+04  0.59267832E-23
 0.79183169E+04  0.59447159E-23
 0.79426725E+04  0.59627047E-23
 0.79671030E+04  0.59807498E-23
 0.79916087E+04  0.59988514E-23
 0.80161898E+04  0.60170097E-23
 0.80408464E+04  0.60352248E-23
 0.80655789E+04  0.60534969E-23
 0.80903875E+04  0.60718262E-23
 0.81152724E+04  0.60902129E-23
 0.81402338E+04  0.61086827E-23
 0.81652720E+04  0.61272104E-23
 0.81903872E+04  0.61457959E-23
 0.82155797E+04  0.61644394E-23
 0.82408496E+04  0.61831409E-23
 0.82661973E+04  0.62019009E-23
 0.82916230E+04  0.62207193E-23
 0.83171268E+04  0.62395964E-23
 0.83427091E+04  0.62585323E-23
 0.83683701E+04  0.62775273E-23
 0.83941100E+04  0.62965815E-23
 0.84199291E+04  0.63156950E-23
 0.84458276E+04  0.63348682E-23
 0.84718058E+04  0.63541011E-23
 0.84978639E+04  0.63733939E-23
 0.85240021E+04  0.63927468E-23
 0.85502207E+04  0.64121601E-23
 0.85765200E+04  0.64316339E-23
 0.86029001E+04  0.64511682E-23
 0.86293614E+04  0.64707634E-23
 0.86559041E+04  0.64904197E-23
 0.86825285E+04  0.65101372E-23
 0.87092347E+04  0.65299161E-23
 0.87360231E+04  0.65497565E-23
 0.87628938E+04  0.65696588E-23
 0.87898472E+04  0.65896230E-23
 0.88168836E+04  0.66096494E-23
 0.88440030E+04  0.66297381E-23
 0.88712059E+04  0.66498894E-23
 0.88984925E+04  0.66701034E-23
 0.89258630E+04  0.66903803E-23
 0.89533177E+04  0.67107203E-23
 0.89808568E+04  0.67311236E-23
 0.90084807E+04  0.67515904E-23
 0.90361895E+04  0.67721208E-23
 0.90639835E+04  0.67927152E-23
 0.90918630E+04  0.68133736E-23
 0.91198283E+04  0.68340963E-23
 0.91478796E+04  0.68548834E-23
 0.91760172E+04  0.68757352E-23
 0.92042413E+04  0.68966519E-23
 0.92325522E+04  0.69176336E-23
 0.92609503E+04  0.69386806E-23
 0.92894356E+04  0.69597930E-23
 0.93180086E+04  0.69809710E-23
 0.93466695E+04  0.70022149E-23
 0.93754185E+04  0.70235249E-23
 0.94042560E+04  0.70449010E-23
 0.94331821E+04  0.70663437E-23
 0.94621973E+04  0.70878530E-23
 0.94913016E+04  0.71094291E-23
 0.95204955E+04  0.71310724E-23
 0.95497792E+04  0.71527828E-23
 0.95791530E+04  0.71745607E-23
 0.96086171E+04  0.71964063E-23
 0.96381718E+04  0.72183198E-23
 0.96678175E+04  0.72403014E-23
 0.96975543E+04  0.72623512E-23
 0.97273826E+04  0.72844696E-23
 0.97573027E+04  0.73066567E-23
 0.97873147E+04  0.73289127E-23
 0.98174191E+04  0.73512378E-23
 0.98476161E+04  0.73736322E-23
 0.98779060E+04  0.73960963E-23
 0.99082890E+04  0.74186300E-23
 0.99387655E+04  0.74412338E-23
 0.99693357E+04  0.74639077E-23
 0.10000000E+05  0.74866520E-23
