1.000000000000000062e-09 1.292082934862348651e-15
1.059309999999999933e-09 1.220196457952570916e-15
1.122129999999999929e-09 1.135151743698832704e-15
1.188680000000000077e-09 9.963261732786105050e-16
1.259169999999999902e-09 9.118459255872122414e-16
1.333849999999999897e-09 8.410362042207219288e-16
1.412960000000000051e-09 7.683907806725038287e-16
1.496750000000000027e-09 7.059958801597215414e-16
1.585519999999999918e-09 6.674129304280072295e-16
1.679550000000000058e-09 6.407027521713949959e-16
1.779160000000000089e-09 5.952086446133826326e-16
1.884669999999999862e-09 5.459008301972071447e-16
1.996440000000000191e-09 5.260354019360294391e-16
2.114849999999999992e-09 5.000651966518965632e-16
2.240270000000000164e-09 4.703491153654113191e-16
2.373130000000000055e-09 4.604979879984547357e-16
2.513870000000000130e-09 4.601156686293404321e-16
2.662960000000000077e-09 4.334159258890067422e-16
2.820890000000000172e-09 4.504381503059271778e-16
2.988179999999999911e-09 4.389168659927526689e-16
3.165399999999999843e-09 4.170705870052454060e-16
3.353129999999999980e-09 4.236468596273316210e-16
3.551989999999999849e-09 4.134257457741353094e-16
3.762639999999999737e-09 4.264331424737059696e-16
3.985790000000000150e-09 4.229215912459719152e-16
4.222170000000000114e-09 4.144256579702805668e-16
4.472569999999999993e-09 4.215369879724672777e-16
4.737819999999999672e-09 4.266328403079455843e-16
5.018800000000000081e-09 4.599453799773403185e-16
5.316449999999999772e-09 4.552840245923690838e-16
5.631740000000000241e-09 4.942782285337884514e-16
5.965740000000000122e-09 4.871678472148998303e-16
6.319540000000000286e-09 5.477507626284056871e-16
6.694330000000000394e-09 5.512324303322509983e-16
7.091339999999999626e-09 6.015790529597917974e-16
7.511899999999999258e-09 6.047144512598487373e-16
7.957399999999999839e-09 6.880799960760376631e-16
8.429320000000000004e-09 7.283041679133793457e-16
8.929230000000000607e-09 7.397690055703198796e-16
9.458789999999999759e-09 7.930423161723464469e-16
1.001980000000000049e-08 8.060203036896775567e-16
1.061399999999999995e-08 8.604178039998940635e-16
1.124350000000000072e-08 9.117083665089949432e-16
1.191030000000000012e-08 1.002786706538334648e-15
1.261659999999999963e-08 1.038072981809323464e-15
1.336490000000000045e-08 1.076755543287333258e-15
1.415749999999999955e-08 1.130185386633538229e-15
1.499710000000000067e-08 1.191826083924370206e-15
1.588650000000000134e-08 1.278592658364069968e-15
1.682869999999999835e-08 1.336011714978577572e-15
1.782669999999999842e-08 1.505622058420538774e-15
1.888390000000000011e-08 1.527370623028346783e-15
2.000389999999999955e-08 1.654294961474524803e-15
2.119020000000000071e-08 1.714370331323573535e-15
2.244690000000000031e-08 1.802901456697647506e-15
2.377820000000000046e-08 1.928094448124883669e-15
2.518839999999999876e-08 2.082227023559150741e-15
2.668220000000000119e-08 2.142250215826806705e-15
2.826460000000000019e-08 2.386773335899326400e-15
2.994089999999999780e-08 3.549844829059785511e-15
3.171649999999999816e-08 7.255150390171109743e-14
3.359750000000000025e-08 3.573794338919070489e-15
3.559000000000000304e-08 2.893223171147103080e-15
3.770069999999999824e-08 3.024554143512725682e-15
3.993660000000000041e-08 3.217364537008512691e-15
4.230509999999999942e-08 3.373403965871861325e-15
4.481400000000000014e-08 3.584006914622584683e-15
4.747179999999999896e-08 3.813061753520390554e-15
5.028720000000000311e-08 3.916885653659039432e-15
5.326949999999999932e-08 4.349741382060546595e-15
5.642869999999999892e-08 4.464674363619366442e-15
5.977520000000000178e-08 4.813287015153989897e-15
6.332030000000000353e-08 8.054842976262790400e-15
6.707549999999999735e-08 5.223307936571420828e-15
7.105349999999999498e-08 5.839382870325424168e-15
7.526740000000000335e-08 6.172133537116642123e-15
7.973119999999999863e-08 6.421257771184707507e-15
8.445980000000000565e-08 6.922447157544793517e-15
8.946870000000000228e-08 7.100894485908094945e-15
9.477480000000000239e-08 7.637849232604686371e-15
1.003949999999999934e-07 8.045545879941895566e-15
1.063499999999999961e-07 8.400590604237300274e-15
1.126570000000000009e-07 8.892814933430806699e-15
1.193380000000000062e-07 9.391537743215962633e-15
1.264150000000000107e-07 1.006956169633266608e-14
1.339129999999999895e-07 1.083457990788059921e-14
1.418539999999999943e-07 1.139454022455491514e-14
1.502670000000000048e-07 1.192784254055401199e-14
1.591789999999999988e-07 1.278089856216103331e-14
1.686190000000000093e-07 1.344701653988720193e-14
1.786189999999999929e-07 1.430135328394659120e-14
1.892129999999999884e-07 1.502761778276916351e-14
2.004340000000000066e-07 1.598427002052330163e-14
2.123210000000000124e-07 1.687195298250916796e-14
2.249129999999999970e-07 1.759048571245262533e-14
2.382510000000000070e-07 1.876358004465698936e-14
2.523810000000000151e-07 2.060449998452401261e-14
2.673489999999999940e-07 2.109900115363284141e-14
2.832039999999999993e-07 2.306699722127373034e-14
2.999999999999999864e-07 2.365352067029346346e-14
