1.000000000000000062e-09 3.665674316335263317e-15
1.059309999999999933e-09 2.992901325273270428e-15
1.122129999999999929e-09 2.716848715790042022e-15
1.188680000000000077e-09 2.471367425586490703e-15
1.259169999999999902e-09 2.193237199680532070e-15
1.333849999999999897e-09 2.133427461154937037e-15
1.412960000000000051e-09 1.896365735221584389e-15
1.496750000000000027e-09 1.699964575442676675e-15
1.585519999999999918e-09 1.569772023034714472e-15
1.679550000000000058e-09 1.521308536753803977e-15
1.779160000000000089e-09 1.364600286165329858e-15
1.884669999999999862e-09 1.338549442800862802e-15
1.996440000000000191e-09 1.260913945104898870e-15
2.114849999999999992e-09 1.109209998913641240e-15
2.240270000000000164e-09 1.150985267943295512e-15
2.373130000000000055e-09 1.109575241983390618e-15
2.513870000000000130e-09 1.106767139421161240e-15
2.662960000000000077e-09 1.152896864788867326e-15
2.820890000000000172e-09 1.108844755843891862e-15
2.988179999999999911e-09 1.074881893773683260e-15
3.165399999999999843e-09 1.080815907802989272e-15
3.353129999999999980e-09 1.108289776114532220e-15
3.551989999999999849e-09 1.047659426536123847e-15
3.762639999999999737e-09 1.073814625063376636e-15
3.985790000000000150e-09 1.040017782570326842e-15
4.222170000000000114e-09 1.106866751167456525e-15
4.472569999999999993e-09 1.072922862763209127e-15
4.737819999999999672e-09 1.084008227100929429e-15
5.018800000000000081e-09 1.109575241983390618e-15
5.316449999999999772e-09 1.110552385780382460e-15
5.631740000000000241e-09 1.197532413962144138e-15
5.965740000000000122e-09 1.108289776114532220e-15
6.319540000000000286e-09 1.277411547657997304e-15
6.694330000000000394e-09 1.432137050153545834e-15
7.091339999999999626e-09 1.401347533715316579e-15
7.511899999999999258e-09 1.432416911726470484e-15
7.957399999999999839e-09 1.532934650571413166e-15
8.429320000000000004e-09 1.522812199781213950e-15
8.929230000000000607e-09 1.827600426362392641e-15
9.458789999999999759e-09 1.858114824644187496e-15
1.001980000000000049e-08 1.865438659705137639e-15
1.061399999999999995e-08 1.953732614254699027e-15
1.124350000000000072e-08 1.992529017728474467e-15
1.191030000000000012e-08 2.117513298830139557e-15
1.261659999999999963e-08 2.463863340698911391e-15
1.336490000000000045e-08 2.493220345357084446e-15
1.415749999999999955e-08 2.765810260802428745e-15
1.499710000000000067e-08 2.769045270848781561e-15
1.588650000000000134e-08 2.904669035138082706e-15
1.682869999999999835e-08 3.228321829100996001e-15
1.782669999999999842e-08 3.347770543158535824e-15
1.888390000000000011e-08 3.578722748652443543e-15
2.000389999999999955e-08 3.507443429053418415e-15
2.119020000000000071e-08 3.569895250564083623e-15
2.244690000000000031e-08 4.011440917975733408e-15
2.377820000000000046e-08 4.334111824725165004e-15
2.518839999999999876e-08 4.648410601369300839e-15
2.668220000000000119e-08 4.901182522718369751e-15
2.826460000000000019e-08 5.201820259870576857e-15
2.994089999999999780e-08 8.260564949445044404e-15
3.171649999999999816e-08 1.560901834197942295e-13
3.359750000000000025e-08 8.270953031558697120e-15
3.559000000000000304e-08 6.514086431898950667e-15
3.770069999999999824e-08 6.098800318177338025e-15
3.993660000000000041e-08 7.522441909396841358e-15
4.230509999999999942e-08 7.758332011457102240e-15
4.481400000000000014e-08 8.042889566707353058e-15
4.747179999999999896e-08 8.910792481928865229e-15
5.028720000000000311e-08 8.704026957118755860e-15
5.326949999999999932e-08 9.269442202756862777e-15
5.642869999999999892e-08 9.865784523911415261e-15
5.977520000000000178e-08 1.071020752750617698e-14
6.332030000000000353e-08 2.004985229431877696e-14
6.707549999999999735e-08 1.244478006966173904e-14
7.105349999999999498e-08 1.220542727356359287e-14
7.526740000000000335e-08 1.376416136642548955e-14
7.973119999999999863e-08 1.522570285540211076e-14
8.445980000000000565e-08 1.543721179670247495e-14
8.946870000000000228e-08 1.630501984359417893e-14
9.477480000000000239e-08 1.751810117681136920e-14
1.003949999999999934e-07 1.740032214535839993e-14
1.063499999999999961e-07 1.841750037752816187e-14
1.126570000000000009e-07 2.062760042283154294e-14
1.193380000000000062e-07 2.126530533578109622e-14
1.264150000000000107e-07 2.217238887121209343e-14
1.339129999999999895e-07 2.381541347510577634e-14
1.418539999999999943e-07 2.497527367530233981e-14
1.502670000000000048e-07 2.656545661949460659e-14
1.591789999999999988e-07 2.727265258402636407e-14
1.686190000000000093e-07 3.038333768416909598e-14
1.786189999999999929e-07 3.106610505377605583e-14
1.892129999999999884e-07 3.340892589247669732e-14
2.004340000000000066e-07 3.782480947407732886e-14
2.123210000000000124e-07 3.484637082568283220e-14
2.249129999999999970e-07 3.749571123798360863e-14
2.382510000000000070e-07 4.340596075067340130e-14
2.523810000000000151e-07 4.513873079456267089e-14
2.673489999999999940e-07 4.948806424280505111e-14
2.832039999999999993e-07 4.896201935403603771e-14
2.999999999999999864e-07 5.428508133939747465e-14
