1.000000000000000062e-09 6.403137920191942847e-14
1.059309999999999933e-09 5.788106538065794399e-14
1.122129999999999929e-09 5.170750881859422952e-14
1.188680000000000077e-09 4.595080369769390680e-14
1.259169999999999902e-09 4.199090474330125426e-14
1.333849999999999897e-09 3.615375127872625705e-14
1.412960000000000051e-09 3.339735195624048326e-14
1.496750000000000027e-09 3.060423859012015846e-14
1.585519999999999918e-09 2.675856110481279117e-14
1.679550000000000058e-09 2.579265920490266074e-14
1.779160000000000089e-09 2.305167598601021274e-14
1.884669999999999862e-09 2.130296806271370072e-14
1.996440000000000191e-09 1.924911615659924094e-14
2.114849999999999992e-09 1.733201694789876654e-14
2.240270000000000164e-09 1.687304396830192426e-14
2.373130000000000055e-09 1.532355953759602305e-14
2.513870000000000130e-09 1.439807154618283993e-14
2.662960000000000077e-09 1.305193738041406374e-14
2.820890000000000172e-09 1.292742269754493553e-14
2.988179999999999911e-09 1.174284929743416091e-14
3.165399999999999843e-09 1.184606604026205757e-14
3.353129999999999980e-09 1.011827658368756011e-14
3.551989999999999849e-09 1.020503367129427878e-14
3.762639999999999737e-09 9.665707216352562312e-15
3.985790000000000150e-09 9.436552765708460368e-15
4.222170000000000114e-09 8.714130434242993477e-15
4.472569999999999993e-09 8.568460113827338130e-15
4.737819999999999672e-09 8.393048572017796976e-15
5.018800000000000081e-09 8.422837227576583722e-15
5.316449999999999772e-09 8.354199990962629557e-15
5.631740000000000241e-09 7.732717562409736957e-15
5.965740000000000122e-09 7.698612397844822777e-15
6.319540000000000286e-09 7.651889745415834445e-15
6.694330000000000394e-09 7.438578305849176205e-15
7.091339999999999626e-09 7.354619833971706018e-15
7.511899999999999258e-09 6.996729059782148736e-15
7.957399999999999839e-09 7.356469766402905744e-15
8.429320000000000004e-09 7.282519903319866563e-15
8.929230000000000607e-09 7.486818851555045069e-15
9.458789999999999759e-09 7.264068013172784445e-15
1.001980000000000049e-08 7.320135196087570128e-15
1.061399999999999995e-08 7.470264328004063615e-15
1.124350000000000072e-08 7.525477695950603999e-15
1.191030000000000012e-08 8.143924337949732381e-15
1.261659999999999963e-08 7.316814804544393965e-15
1.336490000000000045e-08 7.666025126556785974e-15
1.415749999999999955e-08 7.585576782882103595e-15
1.499710000000000067e-08 7.886119651704505667e-15
1.588650000000000134e-08 7.799077959108371901e-15
1.682869999999999835e-08 8.355053805930874857e-15
1.782669999999999842e-08 7.798793354118955223e-15
1.888390000000000011e-08 8.461638374466848624e-15
2.000389999999999955e-08 8.767778474747750813e-15
2.119020000000000071e-08 8.691124864265269763e-15
2.244690000000000031e-08 9.483797193951376383e-15
2.377820000000000046e-08 1.017443863493215083e-14
2.518839999999999876e-08 1.172416023646256778e-14
2.668220000000000119e-08 1.352774948855130099e-14
2.826460000000000019e-08 1.598147140479405157e-14
2.994089999999999780e-08 2.346776848053516738e-14
3.171649999999999816e-08 3.856378632909377815e-13
3.359750000000000025e-08 2.085205889115029258e-14
3.559000000000000304e-08 1.738870077495728179e-14
3.770069999999999824e-08 1.563240338527636711e-14
3.993660000000000041e-08 1.444360834448926850e-14
4.230509999999999942e-08 1.387928408464391789e-14
4.481400000000000014e-08 1.320121269736231350e-14
4.747179999999999896e-08 1.543768613835149696e-14
5.028720000000000311e-08 1.578760797283742987e-14
5.326949999999999932e-08 1.715304784372153506e-14
5.642869999999999892e-08 1.905496811965320415e-14
5.977520000000000178e-08 2.344794099960591543e-14
6.332030000000000353e-08 3.444740206468769395e-14
6.707549999999999735e-08 2.505259136409345767e-14
7.105349999999999498e-08 2.395747879898884673e-14
7.526740000000000335e-08 2.228215152879653896e-14
7.973119999999999863e-08 2.365015284458538005e-14
8.445980000000000565e-08 2.656465023869126538e-14
8.946870000000000228e-08 2.769130652345605775e-14
9.477480000000000239e-08 2.891382725548884725e-14
1.003949999999999934e-07 3.047265621668054897e-14
1.063499999999999961e-07 3.175622471894289471e-14
1.126570000000000009e-07 3.493028186339540144e-14
1.193380000000000062e-07 3.630563547474413734e-14
1.264150000000000107e-07 4.015026940842364611e-14
1.339129999999999895e-07 4.332755207608952398e-14
1.418539999999999943e-07 4.243199504272983988e-14
1.502670000000000048e-07 4.621733627028119973e-14
1.591789999999999988e-07 4.725144849932115221e-14
1.686190000000000093e-07 5.531297969283520849e-14
1.786189999999999929e-07 5.152014386722925418e-14
1.892129999999999884e-07 5.611224537144276177e-14
2.004340000000000066e-07 6.422396191142367748e-14
2.123210000000000124e-07 7.750505374248185736e-14
2.249129999999999970e-07 7.545637216034177031e-14
2.382510000000000070e-07 7.120484796012839513e-14
2.523810000000000151e-07 8.024437676560269992e-14
2.673489999999999940e-07 8.246097529149772734e-14
2.832039999999999993e-07 9.003004498499376462e-14
2.999999999999999864e-07 1.019156236846196217e-13
