1.000000000000000062e-09 2.256836927981838102e-14
1.059309999999999933e-09 2.086230467076923932e-14
1.122129999999999929e-09 1.878914705953944739e-14
1.188680000000000077e-09 1.762615620445932414e-14
1.259169999999999902e-09 1.597094102018568972e-14
1.333849999999999897e-09 1.354819361362428881e-14
1.412960000000000051e-09 1.173307785946424406e-14
1.496750000000000027e-09 1.040914288286984564e-14
1.585519999999999918e-09 1.009010068973545893e-14
1.679550000000000058e-09 9.479148645790928177e-15
1.779160000000000089e-09 8.824462301806269212e-15
1.884669999999999862e-09 8.079698478671713840e-15
1.996440000000000191e-09 6.778531901230531285e-15
2.114849999999999992e-09 6.820131663850046245e-15
2.240270000000000164e-09 6.697134874257797784e-15
2.373130000000000055e-09 5.954410720214049838e-15
2.513870000000000130e-09 5.739676255700316888e-15
2.662960000000000077e-09 5.560896888182697055e-15
2.820890000000000172e-09 5.245744296570316709e-15
2.988179999999999911e-09 5.233126808706243345e-15
3.165399999999999843e-09 5.350099459355872985e-15
3.353129999999999980e-09 5.138922557209828781e-15
3.551989999999999849e-09 5.411716439564253112e-15
3.762639999999999737e-09 5.549417820276286456e-15
3.985790000000000150e-09 5.654579363865184725e-15
4.222170000000000114e-09 5.760357551597816499e-15
4.472569999999999993e-09 6.398204767042079699e-15
4.737819999999999672e-09 6.179248661852021982e-15
5.018800000000000081e-09 6.272077322566264353e-15
5.316449999999999772e-09 5.788106538065795030e-15
5.631740000000000241e-09 6.412814489832058761e-15
5.965740000000000122e-09 6.191344373902166085e-15
6.319540000000000286e-09 6.655677414132988796e-15
6.694330000000000394e-09 6.767337438313534997e-15
7.091339999999999626e-09 6.995827810649001709e-15
7.511899999999999258e-09 6.617018569737430655e-15
7.957399999999999839e-09 6.837729739028883065e-15
8.429320000000000004e-09 6.997914913904712440e-15
8.929230000000000607e-09 7.340152413676435295e-15
9.458789999999999759e-09 7.350208456635771973e-15
1.001980000000000049e-08 7.502946467621903873e-15
1.061399999999999995e-08 7.735611046468792048e-15
1.124350000000000072e-08 7.972070358507881551e-15
1.191030000000000012e-08 8.123527647041647081e-15
1.261659999999999963e-08 8.129599220149169208e-15
1.336490000000000045e-08 8.477433951379389812e-15
1.415749999999999955e-08 9.374081970531834941e-15
1.499710000000000067e-08 9.518993344309050022e-15
1.588650000000000134e-08 1.000709090115603908e-14
1.682869999999999835e-08 9.950644244922033263e-15
1.782669999999999842e-08 1.174469922986536063e-14
1.888390000000000011e-08 1.220680286434576585e-14
2.000389999999999955e-08 1.236594448759373749e-14
2.119020000000000071e-08 1.361384249784938600e-14
2.244690000000000031e-08 1.580956999118729980e-14
2.377820000000000046e-08 1.556376614866241137e-14
2.518839999999999876e-08 1.834924261423342626e-14
2.668220000000000119e-08 2.209924538893240334e-14
2.826460000000000019e-08 2.756228559492118732e-14
2.994089999999999780e-08 3.629780883753521736e-14
3.171649999999999816e-08 7.007496615215022090e-13
3.359750000000000025e-08 4.340112246585334145e-14
3.559000000000000304e-08 3.048366094293793914e-14
3.770069999999999824e-08 2.778503643330344952e-14
3.993660000000000041e-08 2.640878157282157054e-14
4.230509999999999942e-08 2.493006891615023043e-14
4.481400000000000014e-08 2.810132744487348711e-14
4.747179999999999896e-08 2.978827608546690671e-14
5.028720000000000311e-08 3.005414457974556756e-14
5.326949999999999932e-08 3.266586969927863096e-14
5.642869999999999892e-08 3.563216520145808337e-14
5.977520000000000178e-08 4.263776445007700429e-14
6.332030000000000353e-08 7.066789321343179345e-14
6.707549999999999735e-08 4.866128674855402557e-14
7.105349999999999498e-08 4.274847579095949385e-14
7.526740000000000335e-08 4.634474443720938145e-14
7.973119999999999863e-08 4.589430960729499531e-14
8.445980000000000565e-08 5.125640991037121131e-14
8.946870000000000228e-08 5.522190609622236397e-14
9.477480000000000239e-08 5.537559279050653674e-14
1.003949999999999934e-07 6.005212710824655546e-14
1.063499999999999961e-07 6.216626783795210912e-14
1.126570000000000009e-07 6.788777680849476767e-14
1.193380000000000062e-07 6.744142131676200112e-14
1.264150000000000107e-07 7.738789135517260030e-14
1.339129999999999895e-07 7.767202200293874109e-14
1.418539999999999943e-07 8.072203880617114637e-14
1.502670000000000048e-07 9.229407767579129603e-14
1.591789999999999988e-07 1.020868610199177414e-13
1.686190000000000093e-07 9.836233039177140468e-14
1.786189999999999929e-07 1.074369604792736159e-13
1.892129999999999884e-07 1.091777943311962976e-13
2.004340000000000066e-07 1.152199582564800189e-13
2.123210000000000124e-07 1.344862930149388750e-13
2.249129999999999970e-07 1.305796151935668619e-13
2.382510000000000070e-07 1.450849828207592070e-13
2.523810000000000151e-07 1.493602241034238720e-13
2.673489999999999940e-07 1.578680159203408678e-13
2.832039999999999993e-07 1.633224705424823041e-13
2.999999999999999864e-07 1.840080355148247350e-13
