1.000000000000000062e-09 2.237483788701607536e-14
1.059309999999999933e-09 2.022872653016620341e-14
1.122129999999999929e-09 1.887339013640633899e-14
1.188680000000000077e-09 1.739600563635227565e-14
1.259169999999999902e-09 1.538617263526735445e-14
1.333849999999999897e-09 1.398752884895148132e-14
1.412960000000000051e-09 1.289497772875160786e-14
1.496750000000000027e-09 1.208916613538750256e-14
1.585519999999999918e-09 1.126523469103063118e-14
1.679550000000000058e-09 1.062814642222480745e-14
1.779160000000000089e-09 9.659635643245038608e-15
1.884669999999999862e-09 9.663762415591559131e-15
1.996440000000000191e-09 8.121250807126324706e-15
2.114849999999999992e-09 8.076378087128536099e-15
2.240270000000000164e-09 7.190023281759940231e-15
2.373130000000000055e-09 6.671662727705140840e-15
2.513870000000000130e-09 6.213164089757327672e-15
2.662960000000000077e-09 5.780422203351585760e-15
2.820890000000000172e-09 5.620806238454586584e-15
2.988179999999999911e-09 5.449616337321371776e-15
3.165399999999999843e-09 5.115110606428760707e-15
3.353129999999999980e-09 4.813666488473209241e-15
3.551989999999999849e-09 4.538994213188644463e-15
3.762639999999999737e-09 4.324273978924380691e-15
3.985790000000000150e-09 4.208411287733472307e-15
4.222170000000000114e-09 4.135585614358624348e-15
4.472569999999999993e-09 3.608620502790505288e-15
4.737819999999999672e-09 3.576388987739238937e-15
5.018800000000000081e-09 3.527285140232144665e-15
5.316449999999999772e-09 3.439043363263976045e-15
5.631740000000000241e-09 3.320960753155628700e-15
5.965740000000000122e-09 3.173549598888049810e-15
6.319540000000000286e-09 3.266264417606526536e-15
6.694330000000000394e-09 3.110727790891144577e-15
7.091339999999999626e-09 3.080863240668514200e-15
7.511899999999999258e-09 3.038272104002536248e-15
7.957399999999999839e-09 3.024008650616347135e-15
8.429320000000000004e-09 3.165775139260525759e-15
8.929230000000000607e-09 2.907021769717247924e-15
9.458789999999999759e-09 2.971366214407524335e-15
1.001980000000000049e-08 3.128809694551987461e-15
1.061399999999999995e-08 3.042915908746493808e-15
1.124350000000000072e-08 3.064384611781376378e-15
1.191030000000000012e-08 3.176926911429108993e-15
1.261659999999999963e-08 3.244591747662562355e-15
1.336490000000000045e-08 3.260458475822456924e-15
1.415749999999999955e-08 3.195653919732626497e-15
1.499710000000000067e-08 3.121187024252151069e-15
1.588650000000000134e-08 3.406773900880787680e-15
1.682869999999999835e-08 3.458728541698523990e-15
1.782669999999999842e-08 3.481615526263992596e-15
1.888390000000000011e-08 3.523656426617101355e-15
2.000389999999999955e-08 3.592293663231055913e-15
2.119020000000000071e-08 3.630805461715417042e-15
2.244690000000000031e-08 4.017778122406711206e-15
2.377820000000000046e-08 4.040309350735410542e-15
2.518839999999999876e-08 4.174448425663263311e-15
2.668220000000000119e-08 4.340154937333747198e-15
2.826460000000000019e-08 4.597641814674127051e-15
2.994089999999999780e-08 5.237822791031594068e-15
3.171649999999999816e-08 9.322758204107301235e-14
3.359750000000000025e-08 5.655907520482455979e-15
3.559000000000000304e-08 5.381453442356441989e-15
3.770069999999999824e-08 5.064166313323447607e-15
3.993660000000000041e-08 5.603919675749287514e-15
4.230509999999999942e-08 5.850956806561641378e-15
4.481400000000000014e-08 6.174600113691573776e-15
4.747179999999999896e-08 6.643818872907358853e-15
5.028720000000000311e-08 7.181532566242389757e-15
5.326949999999999932e-08 7.498582524450872345e-15
5.642869999999999892e-08 7.921268367897276790e-15
5.977520000000000178e-08 8.772332154578393985e-15
6.332030000000000353e-08 1.588925938822354349e-14
6.707549999999999735e-08 9.184629915911147292e-15
7.105349999999999498e-08 9.837371459134803076e-15
7.526740000000000335e-08 9.465535040463902753e-15
7.973119999999999863e-08 1.100648132148735255e-14
8.445980000000000565e-08 1.158797674902741576e-14
8.946870000000000228e-08 1.255838489460328685e-14
9.477480000000000239e-08 1.290095443352932653e-14
1.003949999999999934e-07 1.378451062316867234e-14
1.063499999999999961e-07 1.389166440168347946e-14
1.126570000000000009e-07 1.638162601991175747e-14
1.193380000000000062e-07 1.715641566942961532e-14
1.264150000000000107e-07 1.632631778363541363e-14
1.339129999999999895e-07 1.853404612069366886e-14
1.418539999999999943e-07 1.886437764507485452e-14
1.502670000000000048e-07 2.064448698553684201e-14
1.591789999999999988e-07 2.195343276602203886e-14
1.686190000000000093e-07 2.254270739660611479e-14
1.786189999999999929e-07 2.367201999460544494e-14
1.892129999999999884e-07 2.597969211711331688e-14
2.004340000000000066e-07 2.601118840260859738e-14
2.123210000000000124e-07 2.740935784727544535e-14
2.249129999999999970e-07 2.874178353938738635e-14
2.382510000000000070e-07 3.327791272901591803e-14
2.523810000000000151e-07 3.475662538568725814e-14
2.673489999999999940e-07 3.409373293117446695e-14
2.832039999999999993e-07 3.803622354704788170e-14
2.999999999999999864e-07 4.208458721898374508e-14
