1.000000000000000062e-09 3.380191794869412163e-14
1.059309999999999933e-09 2.996601190135667592e-14
1.122129999999999929e-09 2.795361745536702512e-14
1.188680000000000077e-09 2.490222506135245160e-14
1.259169999999999902e-09 2.242711033673865814e-14
1.333849999999999897e-09 2.092577158340881602e-14
1.412960000000000051e-09 1.847589183452316771e-14
1.496750000000000027e-09 1.683353130893812319e-14
1.585519999999999918e-09 1.546809143805401484e-14
1.679550000000000058e-09 1.412859805537159413e-14
1.779160000000000089e-09 1.301792708417895459e-14
1.884669999999999862e-09 1.182068876203920645e-14
1.996440000000000191e-09 1.114195329644896683e-14
2.114849999999999992e-09 1.054048808548494097e-14
2.240270000000000164e-09 9.372943550574172965e-15
2.373130000000000055e-09 8.749563755425181277e-15
2.513870000000000130e-09 8.329629093543121218e-15
2.662960000000000077e-09 7.736891768921161574e-15
2.820890000000000172e-09 7.244904610552164577e-15
2.988179999999999911e-09 6.967272443377681185e-15
3.165399999999999843e-09 6.574849597139085495e-15
3.353129999999999980e-09 6.058006936361165847e-15
3.551989999999999849e-09 6.150598426250896424e-15
3.762639999999999737e-09 5.637929971984399027e-15
3.985790000000000150e-09 5.429883724721920131e-15
4.222170000000000114e-09 5.103157196873323365e-15
4.472569999999999993e-09 5.074174922117880191e-15
4.737819999999999672e-09 4.818077865809144075e-15
5.018800000000000081e-09 4.693601130271936307e-15
5.316449999999999772e-09 4.393053518033043194e-15
5.631740000000000241e-09 4.357862111091859806e-15
5.965740000000000122e-09 4.297625465082142912e-15
6.319540000000000286e-09 4.279377541844140826e-15
6.694330000000000394e-09 4.161124168742144027e-15
7.091339999999999626e-09 4.063058776222662244e-15
7.511899999999999258e-09 4.097135480288637280e-15
7.957399999999999839e-09 4.174462655912734855e-15
8.429320000000000004e-09 3.966117573411370893e-15
8.929230000000000607e-09 3.987396539786643791e-15
9.458789999999999759e-09 4.020880316791336581e-15
1.001980000000000049e-08 3.974826486087474522e-15
1.061399999999999995e-08 3.897551488044769715e-15
1.124350000000000072e-08 3.937059403992082904e-15
1.191030000000000012e-08 3.937182732820830236e-15
1.261659999999999963e-08 3.907038321025275405e-15
1.336490000000000045e-08 3.986514264319456982e-15
1.415749999999999955e-08 4.057779353669011356e-15
1.499710000000000067e-08 4.114619713471708060e-15
1.588650000000000134e-08 4.209412148612914619e-15
1.682869999999999835e-08 4.129509297834611181e-15
1.782669999999999842e-08 4.051997128967393003e-15
1.888390000000000011e-08 4.223125365686235328e-15
2.000389999999999955e-08 4.201618715319429561e-15
2.119020000000000071e-08 4.339334326280932872e-15
2.244690000000000031e-08 4.714718820486540649e-15
2.377820000000000046e-08 4.715463536875510949e-15
2.518839999999999876e-08 5.423527546624982116e-15
2.668220000000000119e-08 6.066307915219107832e-15
2.826460000000000019e-08 7.413011290966715016e-15
2.994089999999999780e-08 9.194970563859897492e-15
3.171649999999999816e-08 1.634102237475519819e-13
3.359750000000000025e-08 9.290028630324558144e-15
3.559000000000000304e-08 7.963532208825428561e-15
3.770069999999999824e-08 6.634569210751365747e-15
3.993660000000000041e-08 5.848110756667489592e-15
4.230509999999999942e-08 5.859115482924875814e-15
4.481400000000000014e-08 5.798968961828472912e-15
4.747179999999999896e-08 6.316760305904442893e-15
5.028720000000000311e-08 6.471205946827066969e-15
5.326949999999999932e-08 6.732995102924106656e-15
5.642869999999999892e-08 7.682911689262086622e-15
5.977520000000000178e-08 9.320054456707859050e-15
6.332030000000000353e-08 1.219228800988559103e-14
6.707549999999999735e-08 1.055808616066377779e-14
7.105349999999999498e-08 8.881573036348910261e-15
7.526740000000000335e-08 9.357385144486145937e-15
7.973119999999999863e-08 9.822097658036189570e-15
8.445980000000000565e-08 1.009493897455551721e-14
8.946870000000000228e-08 1.073197980919643683e-14
9.477480000000000239e-08 1.137803313516883778e-14
1.003949999999999934e-07 1.209006738452065037e-14
1.063499999999999961e-07 1.305170020958955431e-14
1.126570000000000009e-07 1.358006937243878944e-14
1.193380000000000062e-07 1.489897632755351321e-14
1.264150000000000107e-07 1.545960072253646595e-14
1.339129999999999895e-07 1.652222088468284511e-14
1.418539999999999943e-07 1.688433329954872637e-14
1.502670000000000048e-07 1.804030389822328033e-14
1.591789999999999988e-07 1.918351470653904626e-14
1.686190000000000093e-07 2.010174527072213961e-14
1.786189999999999929e-07 2.137411931006748827e-14
1.892129999999999884e-07 2.213871061413130347e-14
2.004340000000000066e-07 2.378752218614309341e-14
2.123210000000000124e-07 2.545189216424291511e-14
2.249129999999999970e-07 2.733721048245870338e-14
2.382510000000000070e-07 2.830809296968359648e-14
2.523810000000000151e-07 2.942782386637261827e-14
2.673489999999999940e-07 3.180214099056853710e-14
2.832039999999999993e-07 3.414363367265191443e-14
2.999999999999999864e-07 3.763573689277585661e-14
