1.000000000000000062e-09 1.183126658081247081e-14
1.059309999999999933e-09 9.930389856508655513e-15
1.122129999999999929e-09 9.245677686140695642e-15
1.188680000000000077e-09 8.531840938522587414e-15
1.259169999999999902e-09 7.815442745999743289e-15
1.333849999999999897e-09 7.556879113116074731e-15
1.412960000000000051e-09 6.238256762990762117e-15
1.496750000000000027e-09 5.530871061799397727e-15
1.585519999999999918e-09 5.557671364969325136e-15
1.679550000000000058e-09 4.618996675713243975e-15
1.779160000000000089e-09 4.128200114883300934e-15
1.884669999999999862e-09 4.188764056630845981e-15
1.996440000000000191e-09 3.612054736329448280e-15
2.114849999999999992e-09 3.552022057228811813e-15
2.240270000000000164e-09 3.266990160329534645e-15
2.373130000000000055e-09 3.041099180230726633e-15
2.513870000000000130e-09 2.916280918706220351e-15
2.662960000000000077e-09 2.878063212044256008e-15
2.820890000000000172e-09 2.657342555919823490e-15
2.988179999999999911e-09 2.809013298195649555e-15
3.165399999999999843e-09 2.696029860814323141e-15
3.353129999999999980e-09 2.672701738515261131e-15
3.551989999999999849e-09 2.749317401665820562e-15
3.762639999999999737e-09 2.836349607428974614e-15
3.985790000000000150e-09 2.967514560217438408e-15
4.222170000000000114e-09 2.971788378475156338e-15
4.472569999999999993e-09 3.190080405356579611e-15
4.737819999999999672e-09 3.053659747096915399e-15
5.018800000000000081e-09 3.211387832230794019e-15
5.316449999999999772e-09 3.290778394028151067e-15
5.631740000000000241e-09 3.145017948699180149e-15
5.965740000000000122e-09 3.378925302666514654e-15
6.319540000000000286e-09 3.640036150205448353e-15
6.694330000000000394e-09 3.360819681923220512e-15
7.091339999999999626e-09 3.590386809801973957e-15
7.511899999999999258e-09 3.614976680887443303e-15
7.957399999999999839e-09 3.660679498771027528e-15
8.429320000000000004e-09 3.551993596729870303e-15
8.929230000000000607e-09 3.794282567635481071e-15
9.458789999999999759e-09 4.066891456746786375e-15
1.001980000000000049e-08 4.012275759278018489e-15
1.061399999999999995e-08 4.092159636390362498e-15
1.124350000000000072e-08 4.088075554792254240e-15
1.191030000000000012e-08 4.163704587312841720e-15
1.261659999999999963e-08 4.318653030383432472e-15
1.336490000000000045e-08 4.499002468759324816e-15
1.415749999999999955e-08 4.619267050453188320e-15
1.499710000000000067e-08 4.881781949273235722e-15
1.588650000000000134e-08 4.990358752735117554e-15
1.682869999999999835e-08 5.577451411733678509e-15
1.782669999999999842e-08 6.031111764861433404e-15
1.888390000000000011e-08 5.932875609348303350e-15
2.000389999999999955e-08 6.884215220633358814e-15
2.119020000000000071e-08 6.926431627396606490e-15
2.244690000000000031e-08 6.703538486519638316e-15
2.377820000000000046e-08 8.194631460230533687e-15
2.518839999999999876e-08 9.919432564416172597e-15
2.668220000000000119e-08 1.123667932375930986e-14
2.826460000000000019e-08 1.383327294468846731e-14
2.994089999999999780e-08 1.725270702418174298e-14
3.171649999999999816e-08 3.419495743907644940e-13
3.359750000000000025e-08 1.954330284732470894e-14
3.559000000000000304e-08 1.636402794473292222e-14
3.770069999999999824e-08 1.450370743142076494e-14
3.993660000000000041e-08 1.354197973802205913e-14
4.230509999999999942e-08 1.379987929259709245e-14
4.481400000000000014e-08 1.392254404303502093e-14
4.747179999999999896e-08 1.565408079863682194e-14
5.028720000000000311e-08 1.597829331574558453e-14
5.326949999999999932e-08 1.711434156516107204e-14
5.642869999999999892e-08 1.880356704566981876e-14
5.977520000000000178e-08 2.227010325091129974e-14
6.332030000000000353e-08 3.377924441787071553e-14
6.707549999999999735e-08 2.578948111585419055e-14
7.105349999999999498e-08 2.386227843002947537e-14
7.526740000000000335e-08 2.433884948480514974e-14
7.973119999999999863e-08 2.285762281739398413e-14
8.445980000000000565e-08 2.659183001518041213e-14
8.946870000000000228e-08 2.859540170649819168e-14
9.477480000000000239e-08 2.848212892071096307e-14
1.003949999999999934e-07 3.018107840502472727e-14
1.063499999999999961e-07 3.210600425093412480e-14
1.126570000000000009e-07 3.461731124336854317e-14
1.193380000000000062e-07 3.860908595657568688e-14
1.264150000000000107e-07 3.698607857027086914e-14
1.339129999999999895e-07 4.056389532637367935e-14
1.418539999999999943e-07 4.282826005632553626e-14
1.502670000000000048e-07 4.590483999190335085e-14
1.591789999999999988e-07 5.140155845497294371e-14
1.686190000000000093e-07 5.164489572092289497e-14
1.786189999999999929e-07 5.223450239066128694e-14
1.892129999999999884e-07 5.610750195495251011e-14
2.004340000000000066e-07 6.187027864896035495e-14
2.123210000000000124e-07 6.410158176597516568e-14
2.249129999999999970e-07 6.789773798312430562e-14
2.382510000000000070e-07 6.796841488882905222e-14
2.523810000000000151e-07 6.954702389678510810e-14
2.673489999999999940e-07 8.701844985533239464e-14
2.832039999999999993e-07 8.922935628143912007e-14
2.999999999999999864e-07 9.248428867705042237e-14
