1.000000000000000062e-09 1.120176777839105132e-13
1.059309999999999933e-09 1.076973740445884669e-13
1.122129999999999929e-09 9.755357788018334808e-14
1.188680000000000077e-09 8.224799589108539303e-14
1.259169999999999902e-09 7.492368648848640459e-14
1.333849999999999897e-09 7.043356843881330457e-14
1.412960000000000051e-09 6.011047113107665405e-14
1.496750000000000027e-09 5.502078523703564304e-14
1.585519999999999918e-09 4.862381375828102798e-14
1.679550000000000058e-09 4.364346361434034774e-14
1.779160000000000089e-09 4.114221266486526289e-14
1.884669999999999862e-09 3.635639003118984589e-14
1.996440000000000191e-09 3.271131162925525135e-14
2.114849999999999992e-09 3.117354343728027332e-14
2.240270000000000164e-09 2.840476379775494427e-14
2.373130000000000055e-09 2.768234146628947738e-14
2.513870000000000130e-09 2.636998042593129933e-14
2.662960000000000077e-09 2.367728518690962586e-14
2.820890000000000172e-09 2.156039327563971046e-14
2.988179999999999911e-09 2.205119457988614296e-14
3.165399999999999843e-09 1.956901216470187611e-14
3.353129999999999980e-09 1.966544582194870974e-14
3.551989999999999849e-09 1.740274128776843301e-14
3.762639999999999737e-09 1.749248672776400707e-14
3.985790000000000150e-09 1.727651897496280632e-14
4.222170000000000114e-09 1.585088514881739966e-14
4.472569999999999993e-09 1.510422395908674205e-14
4.737819999999999672e-09 1.510355988077810681e-14
5.018800000000000081e-09 1.457694578203026638e-14
5.316449999999999772e-09 1.369210886993855104e-14
5.631740000000000241e-09 1.378503239898260002e-14
5.965740000000000122e-09 1.315415800577900913e-14
6.319540000000000286e-09 1.317659436577790264e-14
6.694330000000000394e-09 1.332686580018910526e-14
7.091339999999999626e-09 1.303917759005528677e-14
7.511899999999999258e-09 1.320258828814448964e-14
7.957399999999999839e-09 1.315264011250212702e-14
8.429320000000000004e-09 1.317090226598959907e-14
8.929230000000000607e-09 1.306536124908147909e-14
9.458789999999999759e-09 1.341234216534345598e-14
1.001980000000000049e-08 1.276500811691868709e-14
1.061399999999999995e-08 1.341281650699248114e-14
1.124350000000000072e-08 1.345621876787829173e-14
1.191030000000000012e-08 1.377364819940599446e-14
1.261659999999999963e-08 1.416327242991534009e-14
1.336490000000000045e-08 1.402547618087350250e-14
1.415749999999999955e-08 1.398283286662613375e-14
1.499710000000000067e-08 1.467252562430885787e-14
1.588650000000000134e-08 1.494005431435910206e-14
1.682869999999999835e-08 1.565327441783347758e-14
1.782669999999999842e-08 1.646601139927335188e-14
1.888390000000000011e-08 1.539248137919939389e-14
2.000389999999999955e-08 1.620896565966656543e-14
2.119020000000000071e-08 1.715243119957780393e-14
2.244690000000000031e-08 1.741578568311662351e-14
2.377820000000000046e-08 2.002210330785080001e-14
2.518839999999999876e-08 2.201334211629392839e-14
2.668220000000000119e-08 2.479440720452900451e-14
2.826460000000000019e-08 3.069094824356197145e-14
2.994089999999999780e-08 3.945203850105847531e-14
3.171649999999999816e-08 7.045396512972141259e-13
3.359750000000000025e-08 3.949268958037993047e-14
3.559000000000000304e-08 3.412613046580288738e-14
3.770069999999999824e-08 3.077751559450908794e-14
3.993660000000000041e-08 2.837710967961677235e-14
4.230509999999999942e-08 2.713129877261683615e-14
4.481400000000000014e-08 2.864696264374724144e-14
4.747179999999999896e-08 2.911523271966497382e-14
5.028720000000000311e-08 3.166472421484592911e-14
5.326949999999999932e-08 3.307698160648882609e-14
5.642869999999999892e-08 3.701349551758452690e-14
5.977520000000000178e-08 4.340529667236476922e-14
6.332030000000000353e-08 7.110855660537625800e-14
6.707549999999999735e-08 4.974183702503356233e-14
7.105349999999999498e-08 4.859203286779634500e-14
7.526740000000000335e-08 4.609988927798254335e-14
7.973119999999999863e-08 4.713504505865036066e-14
8.445980000000000565e-08 5.319409554663937792e-14
8.946870000000000228e-08 5.443117856729725107e-14
9.477480000000000239e-08 5.607619540611684914e-14
1.003949999999999934e-07 6.128873578725539396e-14
1.063499999999999961e-07 6.320839644086059795e-14
1.126570000000000009e-07 6.709942098781479637e-14
1.193380000000000062e-07 7.471213011302113631e-14
1.264150000000000107e-07 7.469932288849745367e-14
1.339129999999999895e-07 7.885597875890578300e-14
1.418539999999999943e-07 8.619736446086967742e-14
1.502670000000000048e-07 8.778071688531599127e-14
1.591789999999999988e-07 9.431335007569181647e-14
1.686190000000000093e-07 9.885279965686353377e-14
1.786189999999999929e-07 1.067989709613346570e-13
1.892129999999999884e-07 1.120480356494481365e-13
2.004340000000000066e-07 1.140450139918444710e-13
2.123210000000000124e-07 1.218607413428336325e-13
2.249129999999999970e-07 1.287330031539115524e-13
2.382510000000000070e-07 1.387942638713862607e-13
2.523810000000000151e-07 1.472380195656848558e-13
2.673489999999999940e-07 1.548758687982895517e-13
2.832039999999999993e-07 1.718340570925915012e-13
2.999999999999999864e-07 1.782518996039032298e-13
