1.000000000000000062e-09 1.331448548314954487e-15
1.059309999999999933e-09 1.185080945675230963e-15
1.122129999999999929e-09 1.042470128895787543e-15
1.188680000000000077e-09 9.941679187755456045e-16
1.259169999999999902e-09 9.525776429890111476e-16
1.333849999999999897e-09 9.201516478616446757e-16
1.412960000000000051e-09 7.935214012378620619e-16
1.496750000000000027e-09 7.592976512606897173e-16
1.585519999999999918e-09 7.120247625188326851e-16
1.679550000000000058e-09 6.468597067757429344e-16
1.779160000000000089e-09 5.648507790757661810e-16
1.884669999999999862e-09 6.125316016357849546e-16
1.996440000000000191e-09 5.423337809965372049e-16
2.114849999999999992e-09 5.995488707019636918e-16
2.240270000000000164e-09 5.644475886740946911e-16
2.373130000000000055e-09 5.658658702046802337e-16
2.513870000000000130e-09 5.174640483381430103e-16
2.662960000000000077e-09 5.280039197794842730e-16
2.820890000000000172e-09 5.414277884468989404e-16
2.988179999999999911e-09 5.196175594247176591e-16
3.165399999999999843e-09 4.948806424280505111e-16
3.353129999999999980e-09 6.025704270062545918e-16
3.551989999999999849e-09 6.080490730524963456e-16
3.762639999999999737e-09 5.656286993801675521e-16
3.985790000000000150e-09 5.914233982541610179e-16
4.222170000000000114e-09 5.959913083342743540e-16
4.472569999999999993e-09 6.740394832648900826e-16
4.737819999999999672e-09 6.909213025536989014e-16
5.018800000000000081e-09 7.365956599383409264e-16
5.316449999999999772e-09 7.870466377286672620e-16
5.631740000000000241e-09 8.190030346234988195e-16
5.965740000000000122e-09 8.735096335129911145e-16
6.319540000000000286e-09 9.048588730970703607e-16
6.694330000000000394e-09 8.976773405308277674e-16
7.091339999999999626e-09 1.020778485285862553e-15
7.511899999999999258e-09 1.023866449421016977e-15
7.957399999999999839e-09 1.108199651201217439e-15
8.429320000000000004e-09 1.167791192568260501e-15
8.929230000000000607e-09 1.193130523459189610e-15
9.458789999999999759e-09 1.288828951150035223e-15
1.001980000000000049e-08 1.434252613908198666e-15
1.061399999999999995e-08 1.496244324019309267e-15
1.124350000000000072e-08 1.650509715115303385e-15
1.191030000000000012e-08 1.631260930997858396e-15
1.261659999999999963e-08 1.715636823526471123e-15
1.336490000000000045e-08 1.868436498926977478e-15
1.415749999999999955e-08 2.016160718682912978e-15
1.499710000000000067e-08 2.054278813598582429e-15
1.588650000000000134e-08 2.240045233606343749e-15
1.682869999999999835e-08 2.346231355157137560e-15
1.782669999999999842e-08 2.435948334653775235e-15
1.888390000000000011e-08 2.632235652436916712e-15
2.000389999999999955e-08 2.746831851424928297e-15
2.119020000000000071e-08 3.103422929496155441e-15
2.244690000000000031e-08 3.232016950546902834e-15
2.377820000000000046e-08 3.205449074784998150e-15
2.518839999999999876e-08 3.427293920617620313e-15
2.668220000000000119e-08 3.968460821157555214e-15
2.826460000000000019e-08 3.893358307867386458e-15
2.994089999999999780e-08 4.363127303396039151e-15
3.171649999999999816e-08 8.325597189526406990e-14
3.359750000000000025e-08 4.879125636038694792e-15
3.559000000000000304e-08 4.795499203315542222e-15
3.770069999999999824e-08 5.124265400254947992e-15
3.993660000000000041e-08 5.517826666451204080e-15
4.230509999999999942e-08 6.046527868454755248e-15
4.481400000000000014e-08 6.206381004176266219e-15
4.747179999999999896e-08 6.812162724146421087e-15
5.028720000000000311e-08 6.738497466052799373e-15
5.326949999999999932e-08 7.416568853334403762e-15
5.642869999999999892e-08 7.738362228033139589e-15
5.977520000000000178e-08 8.141030853890677290e-15
6.332030000000000353e-08 1.564426192650199626e-14
6.707549999999999735e-08 9.382809856873897998e-15
7.105349999999999498e-08 9.696776594363715429e-15
7.526740000000000335e-08 1.033101881327538815e-14
7.973119999999999863e-08 1.109480373653585742e-14
8.445980000000000565e-08 1.168213356635892859e-14
8.946870000000000228e-08 1.149239690674882742e-14
9.477480000000000239e-08 1.267094616791698086e-14
1.003949999999999934e-07 1.348771505337357066e-14
1.063499999999999961e-07 1.407106041334483201e-14
1.126570000000000009e-07 1.499289597406051504e-14
1.193380000000000062e-07 1.580847900539454034e-14
1.264150000000000107e-07 1.826860453389913539e-14
1.339129999999999895e-07 1.784406875802152649e-14
1.418539999999999943e-07 1.952162543396425096e-14
1.502670000000000048e-07 2.067863958426665712e-14
1.591789999999999988e-07 2.244086624456039111e-14
1.686190000000000093e-07 2.250200888311974607e-14
1.786189999999999929e-07 2.516358730996536863e-14
1.892129999999999884e-07 2.598785079347655605e-14
2.004340000000000066e-07 2.750066861471280719e-14
2.123210000000000124e-07 2.899664730740866335e-14
2.249129999999999970e-07 3.043447171393402467e-14
2.382510000000000070e-07 3.153176625062414191e-14
2.523810000000000151e-07 3.285446793893107489e-14
2.673489999999999940e-07 3.572333366640073608e-14
2.832039999999999993e-07 3.752004496457859807e-14
2.999999999999999864e-07 4.164567889114067207e-14
