1.000000000000000062e-09 2.722023783180907532e-14
1.059309999999999933e-09 2.434003533892771423e-14
1.122129999999999929e-09 2.189039276086658008e-14
1.188680000000000077e-09 2.028640647468767308e-14
1.259169999999999902e-09 1.838718994615544586e-14
1.333849999999999897e-09 1.706292293040673456e-14
1.412960000000000051e-09 1.553834143627465615e-14
1.496750000000000027e-09 1.427910666060730617e-14
1.585519999999999918e-09 1.258366730449633136e-14
1.679550000000000058e-09 1.210923078714127024e-14
1.779160000000000089e-09 1.125266463733146270e-14
1.884669999999999862e-09 1.040809933124199028e-14
1.996440000000000191e-09 9.654797358424981913e-15
2.114849999999999992e-09 8.924548389750598203e-15
2.240270000000000164e-09 8.407990333962092866e-15
2.373130000000000055e-09 7.784657972978003694e-15
2.513870000000000130e-09 7.404141102129941253e-15
2.662960000000000077e-09 6.990467750015016543e-15
2.820890000000000172e-09 6.405367325942362074e-15
2.988179999999999911e-09 6.132004233609105966e-15
3.165399999999999843e-09 5.586131863910840628e-15
3.353129999999999980e-09 5.437710361930837739e-15
3.551989999999999849e-09 5.098840687867194353e-15
3.762639999999999737e-09 4.741286696248445727e-15
3.985790000000000150e-09 4.688862457198174109e-15
4.222170000000000114e-09 4.436289759341695766e-15
4.472569999999999993e-09 4.230691114988188306e-15
4.737819999999999672e-09 4.148492450628601486e-15
5.018800000000000081e-09 4.021691441011169615e-15
5.316449999999999772e-09 3.828534778111594629e-15
5.631740000000000241e-09 3.713468980891047736e-15
5.965740000000000122e-09 3.594276411323981108e-15
6.319540000000000286e-09 3.564834025168983523e-15
6.694330000000000394e-09 3.449346063880805020e-15
7.091339999999999626e-09 3.431558252042357345e-15
7.511899999999999258e-09 3.410184417337279414e-15
7.957399999999999839e-09 3.249795275552369217e-15
8.429320000000000004e-09 3.388269833152312399e-15
8.929230000000000607e-09 3.278554609732770957e-15
9.458789999999999759e-09 3.212478818023552296e-15
1.001980000000000049e-08 3.236006163815204876e-15
1.061399999999999995e-08 3.232752180102891842e-15
1.124350000000000072e-08 3.291300169842079144e-15
1.191030000000000012e-08 3.248182513945683652e-15
1.261659999999999963e-08 3.244568030580110703e-15
1.336490000000000045e-08 3.282164349681852866e-15
1.415749999999999955e-08 3.258973786461008154e-15
1.499710000000000067e-08 3.232187713540551894e-15
1.588650000000000134e-08 3.293956483076620863e-15
1.682869999999999835e-08 3.303291526729437711e-15
1.782669999999999842e-08 3.326970661848778738e-15
1.888390000000000011e-08 3.399084822750088159e-15
2.000389999999999955e-08 3.322317370271841070e-15
2.119020000000000071e-08 3.318086242762535404e-15
2.244690000000000031e-08 3.440314598883363490e-15
2.377820000000000046e-08 3.492866910178872298e-15
2.518839999999999876e-08 3.460858335702647775e-15
2.668220000000000119e-08 3.479993277824326527e-15
2.826460000000000019e-08 3.741322322521811014e-15
2.994089999999999780e-08 5.401518094110210462e-15
3.171649999999999816e-08 1.029254970553943992e-13
3.359750000000000025e-08 5.180522319829342953e-15
3.559000000000000304e-08 4.002556498889490468e-15
3.770069999999999824e-08 4.294001494883589065e-15
3.993660000000000041e-08 4.199422513484443042e-15
4.230509999999999942e-08 4.556720360612718078e-15
4.481400000000000014e-08 4.610894920347893349e-15
4.747179999999999896e-08 4.752476415748950974e-15
5.028720000000000311e-08 5.306744632634964121e-15
5.326949999999999932e-08 5.514269104083513756e-15
5.642869999999999892e-08 5.964087289854164805e-15
5.977520000000000178e-08 6.109615307775113391e-15
6.332030000000000353e-08 9.414211274039371886e-15
6.707549999999999735e-08 6.825017382835005456e-15
7.105349999999999498e-08 6.886776665538095500e-15
7.526740000000000335e-08 7.473347548722727195e-15
7.973119999999999863e-08 7.708810743298865427e-15
8.445980000000000565e-08 8.161522413128569201e-15
8.946870000000000228e-08 8.583828783255756668e-15
9.477480000000000239e-08 9.216742845550155774e-15
1.003949999999999934e-07 9.533982540418248428e-15
1.063499999999999961e-07 1.039045382189825252e-14
1.126570000000000009e-07 1.073378230746273089e-14
1.193380000000000062e-07 1.167525561244806211e-14
1.264150000000000107e-07 1.235569870797479233e-14
1.339129999999999895e-07 1.266065295413313002e-14
1.418539999999999943e-07 1.395456210434422596e-14
1.502670000000000048e-07 1.435106428876444123e-14
1.591789999999999988e-07 1.524989427950240055e-14
1.686190000000000093e-07 1.655893492831740244e-14
1.786189999999999929e-07 1.695951645091922941e-14
1.892129999999999884e-07 1.827515044865568584e-14
2.004340000000000066e-07 1.939564029198314474e-14
2.123210000000000124e-07 2.096827259516148038e-14
2.249129999999999970e-07 2.170416622945926514e-14
2.382510000000000070e-07 2.299001157163693167e-14
2.523810000000000151e-07 2.419569317512932619e-14
2.673489999999999940e-07 2.610719515237130679e-14
2.832039999999999993e-07 2.787430753165000157e-14
2.999999999999999864e-07 2.879386625245036538e-14
