1.000000000000000062e-09 2.045033894859080521e-14
1.059309999999999933e-09 1.769166278618971378e-14
1.122129999999999929e-09 1.620137619328216277e-14
1.188680000000000077e-09 1.430709281789979729e-14
1.259169999999999902e-09 1.374770171120431313e-14
1.333849999999999897e-09 1.187789436491165253e-14
1.412960000000000051e-09 1.068231623854349247e-14
1.496750000000000027e-09 9.520179198431612938e-15
1.585519999999999918e-09 8.863121146201828142e-15
1.679550000000000058e-09 7.816960639276623820e-15
1.779160000000000089e-09 7.484304840815211688e-15
1.884669999999999862e-09 6.374013342941791492e-15
1.996440000000000191e-09 6.106342350396839744e-15
2.114849999999999992e-09 5.849913254933786013e-15
2.240270000000000164e-09 5.216335114330749308e-15
2.373130000000000055e-09 5.237253581052763869e-15
2.513870000000000130e-09 5.036180156030957282e-15
2.662960000000000077e-09 4.819643193250927123e-15
2.820890000000000172e-09 4.399011249144800859e-15
2.988179999999999911e-09 4.421276846150046102e-15
3.165399999999999843e-09 4.358564136732417052e-15
3.353129999999999980e-09 4.444685606529442785e-15
3.551989999999999849e-09 4.614220055307558974e-15
3.762639999999999737e-09 4.796827359932812687e-15
3.985790000000000150e-09 4.779039548094365801e-15
4.222170000000000114e-09 5.060466448461050522e-15
4.472569999999999993e-09 4.898241604494412143e-15
4.737819999999999672e-09 5.327995138511295509e-15
5.018800000000000081e-09 5.344454793732471930e-15
5.316449999999999772e-09 5.198025526678375528e-15
5.631740000000000241e-09 5.183036330569177122e-15
5.965740000000000122e-09 5.479879334529182899e-15
6.319540000000000286e-09 5.526601986958170442e-15
6.694330000000000394e-09 5.641392666022281951e-15
7.091339999999999626e-09 5.728481792783319023e-15
7.511899999999999258e-09 5.719943643100865243e-15
7.957399999999999839e-09 5.962047620763355802e-15
8.429320000000000004e-09 6.039175572894862806e-15
8.929230000000000607e-09 5.989986343890943610e-15
9.458789999999999759e-09 6.128351802911610609e-15
1.001980000000000049e-08 6.366518744887193078e-15
1.061399999999999995e-08 6.917276833570418417e-15
1.124350000000000072e-08 6.912912890399386099e-15
1.191030000000000012e-08 6.837634870699078031e-15
1.261659999999999963e-08 7.167397185101436650e-15
1.336490000000000045e-08 7.553368984913288502e-15
1.415749999999999955e-08 7.573955412480983868e-15
1.499710000000000067e-08 8.081216371948592794e-15
1.588650000000000134e-08 8.821663686077019154e-15
1.682869999999999835e-08 8.380431084153725979e-15
1.782669999999999842e-08 9.410179370022656396e-15
1.888390000000000011e-08 1.000111419637832041e-14
2.000389999999999955e-08 1.075631353579143259e-14
2.119020000000000071e-08 1.175394889202135453e-14
2.244690000000000031e-08 1.237770816048956635e-14
2.377820000000000046e-08 1.403852057622169614e-14
2.518839999999999876e-08 1.573913025630704843e-14
2.668220000000000119e-08 1.876196728305030380e-14
2.826460000000000019e-08 2.334538833508665242e-14
2.994089999999999780e-08 3.154134795193445342e-14
3.171649999999999816e-08 5.629391822301944395e-13
3.359750000000000025e-08 3.456665155525264281e-14
3.559000000000000304e-08 2.726591693261020355e-14
3.770069999999999824e-08 2.387499078622335298e-14
3.993660000000000041e-08 2.231464393175477073e-14
4.230509999999999942e-08 2.282740725435107001e-14
4.481400000000000014e-08 2.446132449858347288e-14
4.747179999999999896e-08 2.459712851269940477e-14
5.028720000000000311e-08 2.554087865760005206e-14
5.326949999999999932e-08 2.760350588422147899e-14
5.642869999999999892e-08 3.314818028800751457e-14
5.977520000000000178e-08 3.644613547118541995e-14
6.332030000000000353e-08 5.839335436160522441e-14
6.707549999999999735e-08 4.237099470666519405e-14
7.105349999999999498e-08 3.679719572562900695e-14
7.526740000000000335e-08 3.678713968266967343e-14
7.973119999999999863e-08 3.990271050179736614e-14
8.445980000000000565e-08 4.477671324802658204e-14
8.946870000000000228e-08 4.445591599079081010e-14
9.477480000000000239e-08 4.676752514898559250e-14
1.003949999999999934e-07 5.291945173185375939e-14
1.063499999999999961e-07 5.419353340113559549e-14
1.126570000000000009e-07 5.365136089629973276e-14
1.193380000000000062e-07 6.243000179481016461e-14
1.264150000000000107e-07 6.117015037499907087e-14
1.339129999999999895e-07 6.798833723808811551e-14
1.418539999999999943e-07 7.301825608435194928e-14
1.502670000000000048e-07 7.436728373417977426e-14
1.591789999999999988e-07 8.043838250005404021e-14
1.686190000000000093e-07 8.344570855487416160e-14
1.786189999999999929e-07 8.951158956260914757e-14
1.892129999999999884e-07 9.334237272013713411e-14
2.004340000000000066e-07 9.959609302088611112e-14
2.123210000000000124e-07 1.082865063726778431e-13
2.249129999999999970e-07 1.161254764644692473e-13
2.382510000000000070e-07 1.213048129301760242e-13
2.523810000000000151e-07 1.316672805947817793e-13
2.673489999999999940e-07 1.368157848533019235e-13
2.832039999999999993e-07 1.408059468049023659e-13
2.999999999999999864e-07 1.513695353286948671e-13
