1.000000000000000062e-09 2.458085859413783881e-16
1.059309999999999933e-09 2.092510750510018069e-16
1.122129999999999929e-09 2.030760954639910254e-16
1.188680000000000077e-09 1.758626407177629968e-16
1.259169999999999902e-09 1.566788414062345683e-16
1.333849999999999897e-09 1.475970961939969918e-16
1.412960000000000051e-09 1.268731095480834890e-16
1.496750000000000027e-09 1.284716409052986194e-16
1.585519999999999918e-09 1.256365008690746441e-16
1.679550000000000058e-09 1.171576438927482214e-16
1.779160000000000089e-09 1.057687008996517758e-16
1.884669999999999862e-09 1.182078363036901168e-16
1.996440000000000191e-09 1.196289638841698055e-16
2.114849999999999992e-09 1.005310204111148902e-16
2.240270000000000164e-09 8.426726829098592204e-17
2.373130000000000055e-09 1.090876694178814944e-16
2.513870000000000130e-09 9.259101554808112528e-17
2.662960000000000077e-09 1.023036351535222591e-16
2.820890000000000172e-09 1.011163580060120488e-16
2.988179999999999911e-09 9.641231187262858611e-17
3.165399999999999843e-09 1.124080609610582861e-16
3.353129999999999980e-09 1.087527842136696581e-16
3.551989999999999849e-09 1.136968472214599239e-16
3.762639999999999737e-09 1.054731860523090381e-16
3.985790000000000150e-09 1.231751420522826083e-16
4.222170000000000114e-09 1.242666021866897079e-16
4.472569999999999993e-09 1.523661271332969294e-16
4.737819999999999672e-09 1.328668906251666668e-16
5.018800000000000081e-09 1.451746333924250097e-16
5.316449999999999772e-09 1.655210440857143620e-16
5.631740000000000241e-09 1.678827911562111129e-16
5.965740000000000122e-09 1.798025224545668108e-16
6.319540000000000286e-09 2.020168905617176470e-16
6.694330000000000394e-09 1.893040600261916840e-16
7.091339999999999626e-09 2.089095490637036380e-16
7.511899999999999258e-09 2.299973557544195074e-16
7.957399999999999839e-09 2.354665149676807085e-16
8.429320000000000004e-09 2.332489677584876130e-16
8.929230000000000607e-09 2.329980410261532705e-16
9.458789999999999759e-09 2.607370663195012178e-16
1.001980000000000049e-08 3.033822779334679203e-16
1.061399999999999995e-08 2.863875653321910528e-16
1.124350000000000072e-08 3.400906294682345389e-16
1.191030000000000012e-08 3.400915781515325794e-16
1.261659999999999963e-08 3.453800131965151725e-16
1.336490000000000045e-08 3.816576625139668317e-16
1.415749999999999955e-08 4.118310091501123656e-16
1.499710000000000067e-08 4.201191807835307799e-16
1.588650000000000134e-08 4.707347551260688383e-16
1.682869999999999835e-08 4.722071116046432302e-16
1.782669999999999842e-08 4.941691299545126632e-16
1.888390000000000011e-08 5.677110592193885245e-16
2.000389999999999955e-08 6.004311461691505994e-16
2.119020000000000071e-08 5.963944987359457452e-16
2.244690000000000031e-08 6.350533431315041823e-16
2.377820000000000046e-08 6.948962855725306813e-16
2.518839999999999876e-08 7.610527153620831278e-16
2.668220000000000119e-08 7.621104972394094456e-16
2.826460000000000019e-08 8.387356472229494785e-16
2.994089999999999780e-08 9.857483545053473276e-16
3.171649999999999816e-08 1.747526812590439196e-14
3.359750000000000025e-08 1.049229497394397541e-15
3.559000000000000304e-08 1.033879801631940009e-15
3.770069999999999824e-08 1.119754613771472853e-15
3.993660000000000041e-08 1.134269468231645698e-15
4.230509999999999942e-08 1.241968739642830184e-15
4.481400000000000014e-08 1.303305858278286252e-15
4.747179999999999896e-08 1.382786544988958081e-15
5.028720000000000311e-08 1.420610548082232127e-15
5.326949999999999932e-08 1.573576243059896896e-15
5.642869999999999892e-08 1.640178553999533294e-15
5.977520000000000178e-08 1.735620837199905120e-15
6.332030000000000353e-08 2.716246301895780061e-15
6.707549999999999735e-08 2.009690698590208528e-15
7.105349999999999498e-08 2.053040781894626351e-15
7.526740000000000335e-08 2.116816016606072957e-15
7.973119999999999863e-08 2.325317631851614434e-15
8.445980000000000565e-08 2.392527100102002848e-15
8.946870000000000228e-08 2.680594783555041473e-15
9.477480000000000239e-08 2.729461460237623557e-15
1.003949999999999934e-07 2.988603789933102028e-15
1.063499999999999961e-07 3.093053821048463731e-15
1.126570000000000009e-07 3.306683069519968438e-15
1.193380000000000062e-07 3.476611221866776698e-15
1.264150000000000107e-07 3.688746294143852132e-15
1.339129999999999895e-07 3.764270971501653286e-15
1.418539999999999943e-07 4.176360022508835520e-15
1.502670000000000048e-07 4.391160894853432781e-15
1.591789999999999988e-07 4.567331383301412623e-15
1.686190000000000093e-07 4.967210880262685502e-15
1.786189999999999929e-07 5.464415796770959327e-15
1.892129999999999884e-07 5.531013364294105276e-15
2.004340000000000066e-07 5.620379330970464724e-15
2.123210000000000124e-07 6.237829855506640257e-15
2.249129999999999970e-07 6.214729417199109932e-15
2.382510000000000070e-07 6.989139593397745289e-15
2.523810000000000151e-07 7.099186855971605135e-15
2.673489999999999940e-07 7.715404092220316814e-15
2.832039999999999993e-07 8.229163532279572094e-15
2.999999999999999864e-07 8.663613048621803815e-15
