1.000000000000000062e-09 9.910372638919789399e-14
1.059309999999999933e-09 9.293016982713417953e-14
1.122129999999999929e-09 8.036485954445511106e-14
1.188680000000000077e-09 7.039609544854033853e-14
1.259169999999999902e-09 6.188023982358988029e-14
1.333849999999999897e-09 5.728908700267442303e-14
1.412960000000000051e-09 5.172932853444938716e-14
1.496750000000000027e-09 4.764002917820265036e-14
1.585519999999999918e-09 4.237108957499499593e-14
1.679550000000000058e-09 3.841764166702909196e-14
1.779160000000000089e-09 3.522114816257769013e-14
1.884669999999999862e-09 3.244117406013536716e-14
1.996440000000000191e-09 2.903117937945770176e-14
2.114849999999999992e-09 2.717109603697005864e-14
2.240270000000000164e-09 2.464883175244315735e-14
2.373130000000000055e-09 2.392565047433924704e-14
2.513870000000000130e-09 2.152211390456337166e-14
2.662960000000000077e-09 2.055037760237023011e-14
2.820890000000000172e-09 1.949596355075198474e-14
2.988179999999999911e-09 1.835403346488858202e-14
3.165399999999999843e-09 1.764788105198467990e-14
3.353129999999999980e-09 1.694125429743175578e-14
3.551989999999999849e-09 1.608440354263253471e-14
3.762639999999999737e-09 1.488825620628554130e-14
3.985790000000000150e-09 1.443801111303076839e-14
4.222170000000000114e-09 1.415791236928135413e-14
4.472569999999999993e-09 1.331107022327656407e-14
4.737819999999999672e-09 1.252209775845285532e-14
5.018800000000000081e-09 1.241916562061437376e-14
5.316449999999999772e-09 1.247233931947010593e-14
5.631740000000000241e-09 1.204035637970280192e-14
5.965740000000000122e-09 1.180494061929156935e-14
6.319540000000000286e-09 1.178160301015952487e-14
6.694330000000000394e-09 1.125057753407575039e-14
7.091339999999999626e-09 1.161544113050597761e-14
7.511899999999999258e-09 1.132016345398775488e-14
7.957399999999999839e-09 1.130251794464401712e-14
8.429320000000000004e-09 1.112473469458935014e-14
8.929230000000000607e-09 1.136892577550755143e-14
9.458789999999999759e-09 1.131100866016156918e-14
1.001980000000000049e-08 1.132414792383956786e-14
1.061399999999999995e-08 1.168782566614723217e-14
1.124350000000000072e-08 1.138144839504181739e-14
1.191030000000000012e-08 1.158883056399566263e-14
1.261659999999999963e-08 1.193946391095513014e-14
1.336490000000000045e-08 1.185431958495509862e-14
1.415749999999999955e-08 1.220988608506443101e-14
1.499710000000000067e-08 1.245089907693416211e-14
1.588650000000000134e-08 1.265856585087742087e-14
1.682869999999999835e-08 1.264504711388020048e-14
1.782669999999999842e-08 1.283487864182010826e-14
1.888390000000000011e-08 1.357238503772457701e-14
2.000389999999999955e-08 1.381676585530238995e-14
2.119020000000000071e-08 1.480998983419637626e-14
2.244690000000000031e-08 1.563524943517051811e-14
2.377820000000000046e-08 1.659906423182493465e-14
2.518839999999999876e-08 1.847494315122512054e-14
2.668220000000000119e-08 2.163766353026592422e-14
2.826460000000000019e-08 2.433576626408648458e-14
2.994089999999999780e-08 3.442724254460411965e-14
3.171649999999999816e-08 6.423819216089444382e-13
3.359750000000000025e-08 3.491453372064776593e-14
3.559000000000000304e-08 2.990226038372768096e-14
3.770069999999999824e-08 2.582306450460517862e-14
3.993660000000000041e-08 2.389443879383339111e-14
4.230509999999999942e-08 2.371058397067119884e-14
4.481400000000000014e-08 2.385483126613977869e-14
4.747179999999999896e-08 2.563432396245802872e-14
5.028720000000000311e-08 2.646404237493301028e-14
5.326949999999999932e-08 2.902966148618082122e-14
5.642869999999999892e-08 3.133192611388980312e-14
5.977520000000000178e-08 3.926951183451355351e-14
6.332030000000000353e-08 6.006398564947218145e-14
6.707549999999999735e-08 3.952205132845459615e-14
7.105349999999999498e-08 3.972080047939618179e-14
7.526740000000000335e-08 4.144901684345479716e-14
7.973119999999999863e-08 4.016876873273563705e-14
8.445980000000000565e-08 4.333115707262211524e-14
8.946870000000000228e-08 4.418188882014891640e-14
9.477480000000000239e-08 4.982579549691103883e-14
1.003949999999999934e-07 4.750152141668727029e-14
1.063499999999999961e-07 5.571949048604984846e-14
1.126570000000000009e-07 5.566541553806097321e-14
1.193380000000000062e-07 5.890943807574470616e-14
1.264150000000000107e-07 6.246889781003023455e-14
1.339129999999999895e-07 6.769187370744732671e-14
1.418539999999999943e-07 7.326870847503727487e-14
1.502670000000000048e-07 7.514378101363411955e-14
1.591789999999999988e-07 8.399926525928664725e-14
1.686190000000000093e-07 8.831245387387330035e-14
1.786189999999999929e-07 9.166272894093869575e-14
1.892129999999999884e-07 9.524353404943035346e-14
2.004340000000000066e-07 1.006979886715717646e-13
2.123210000000000124e-07 1.093006488182938440e-13
2.249129999999999970e-07 1.120978415225957758e-13
2.382510000000000070e-07 1.212246491914907490e-13
2.523810000000000151e-07 1.234265431262659931e-13
2.673489999999999940e-07 1.331880199215567712e-13
2.832039999999999993e-07 1.396784367051693471e-13
2.999999999999999864e-07 1.461223680071774379e-13
