1.000000000000000062e-09 2.620078275972398943e-15
1.059309999999999933e-09 2.386246816668908465e-15
1.122129999999999929e-09 2.223903387290014584e-15
1.188680000000000077e-09 2.057917014046606243e-15
1.259169999999999902e-09 1.827979899681613168e-15
1.333849999999999897e-09 1.720048200862405957e-15
1.412960000000000051e-09 1.643375616713963506e-15
1.496750000000000027e-09 1.486174050810503214e-15
1.585519999999999918e-09 1.323887542429491958e-15
1.679550000000000058e-09 1.321895307503586063e-15
1.779160000000000089e-09 1.204035637970280152e-15
1.884669999999999862e-09 1.123810234870638615e-15
1.996440000000000191e-09 1.165035267587423694e-15
2.114849999999999992e-09 1.123753313872755595e-15
2.240270000000000164e-09 1.043466246358740589e-15
2.373130000000000055e-09 1.055471833495569911e-15
2.513870000000000130e-09 1.085559324293241919e-15
2.662960000000000077e-09 1.057990587651893938e-15
2.820890000000000172e-09 1.123753313872755595e-15
2.988179999999999911e-09 1.085070752394745998e-15
3.165399999999999843e-09 1.066889236987607830e-15
3.353129999999999980e-09 1.074801255693349179e-15
3.551989999999999849e-09 1.123753313872755595e-15
3.762639999999999737e-09 1.193007194630443067e-15
3.985790000000000150e-09 1.235048094983551629e-15
4.222170000000000114e-09 1.190820479628436854e-15
4.472569999999999993e-09 1.328891846826708447e-15
4.737819999999999672e-09 1.394540731051804065e-15
5.018800000000000081e-09 1.505844998995580405e-15
5.316449999999999772e-09 1.540856156110134624e-15
5.631740000000000241e-09 1.587427019211434311e-15
5.965740000000000122e-09 1.686061621709746491e-15
6.319540000000000286e-09 1.766865721621198731e-15
6.694330000000000394e-09 1.774891582322706120e-15
7.091339999999999626e-09 1.869954392203858010e-15
7.511899999999999258e-09 2.091130416311354688e-15
7.957399999999999839e-09 2.103472786018991878e-15
8.429320000000000004e-09 2.195703776255462934e-15
8.929230000000000607e-09 2.417534391838614736e-15
9.458789999999999759e-09 2.528767508535037498e-15
1.001980000000000049e-08 2.735338553269046154e-15
1.061399999999999995e-08 2.831848105179724998e-15
1.124350000000000072e-08 3.009749940646648274e-15
1.191030000000000012e-08 3.201137309195358207e-15
1.261659999999999963e-08 3.406887742876553720e-15
1.336490000000000045e-08 3.693480223801123290e-15
1.415749999999999955e-08 3.659394032902168539e-15
1.499710000000000067e-08 4.100142806343456834e-15
1.588650000000000134e-08 3.882752028595181376e-15
1.682869999999999835e-08 4.424094435545256378e-15
1.782669999999999842e-08 4.547793250778062873e-15
1.888390000000000011e-08 5.127775528457734221e-15
2.000389999999999955e-08 5.285494126758632733e-15
2.119020000000000071e-08 5.368314178678442520e-15
2.244690000000000031e-08 5.949098093744966399e-15
2.377820000000000046e-08 6.245893663540069659e-15
2.518839999999999876e-08 6.774594865543620828e-15
2.668220000000000119e-08 7.116547760325929372e-15
2.826460000000000019e-08 7.325163217567236889e-15
2.994089999999999780e-08 8.588335028921495747e-15
3.171649999999999816e-08 1.652207858218813662e-13
3.359750000000000025e-08 9.585875516821611072e-15
3.559000000000000304e-08 9.789036045099129178e-15
3.770069999999999824e-08 9.332956549561343569e-15
3.993660000000000041e-08 1.058270449224818865e-14
4.230509999999999942e-08 1.053527032734566414e-14
4.481400000000000014e-08 1.141351389051592809e-14
4.747179999999999896e-08 1.209234422443596959e-14
5.028720000000000311e-08 1.336068635976460592e-14
5.326949999999999932e-08 1.336191964805207135e-14
5.642869999999999892e-08 1.435680382271764416e-14
5.977520000000000178e-08 1.520924320018093592e-14
6.332030000000000353e-08 2.848445319479119112e-14
6.707549999999999735e-08 1.726873977191879675e-14
7.105349999999999498e-08 1.884924614647095014e-14
7.526740000000000335e-08 1.961227212309297757e-14
7.973119999999999863e-08 2.133489125569310229e-14
8.445980000000000565e-08 2.242758467838768330e-14
8.946870000000000228e-08 2.262832606425517780e-14
9.477480000000000239e-08 2.571121474376502551e-14
1.003949999999999934e-07 2.563636363154883851e-14
1.063499999999999961e-07 2.873262874556120223e-14
1.126570000000000009e-07 3.014445922971997813e-14
1.193380000000000062e-07 3.174944163336183956e-14
1.264150000000000107e-07 3.268911244008087357e-14
1.339129999999999895e-07 3.461669459922480572e-14
1.418539999999999943e-07 3.694931709247141087e-14
1.502670000000000048e-07 3.986338757909317513e-14
1.591789999999999988e-07 4.094602495882842262e-14
1.686190000000000093e-07 4.508973130221836018e-14
1.786189999999999929e-07 4.560923027623082312e-14
1.892129999999999884e-07 5.111126136576948523e-14
2.004340000000000066e-07 5.097038189600898248e-14
2.123210000000000124e-07 5.391556919480679764e-14
2.249129999999999970e-07 6.073755079108804361e-14
2.382510000000000070e-07 6.315574451781880135e-14
2.523810000000000151e-07 6.710653611255016440e-14
2.673489999999999940e-07 7.003085237879086593e-14
2.832039999999999993e-07 7.414718920903205929e-14
2.999999999999999864e-07 7.627176545501618555e-14
