1.000000000000000062e-09 5.603113294945944731e-15
1.059309999999999933e-09 5.002454464785261658e-15
1.122129999999999929e-09 4.361652100867570884e-15
1.188680000000000077e-09 4.134300148489765359e-15
1.259169999999999902e-09 3.782281723915142000e-15
1.333849999999999897e-09 3.334854220055578578e-15
1.412960000000000051e-09 2.958511555718939176e-15
1.496750000000000027e-09 2.924406391154023025e-15
1.585519999999999918e-09 2.641513775091850540e-15
1.679550000000000058e-09 2.401179091780223851e-15
1.779160000000000089e-09 2.213937469243994265e-15
1.884669999999999862e-09 2.026378037802917029e-15
1.996440000000000191e-09 1.841531840594264532e-15
2.114849999999999992e-09 1.721547120473325679e-15
2.240270000000000164e-09 1.672761081871078071e-15
2.373130000000000055e-09 1.599854770415896228e-15
2.513870000000000130e-09 1.530928185396036121e-15
2.662960000000000077e-09 1.489949810336744128e-15
2.820890000000000172e-09 1.471199084950775563e-15
2.988179999999999911e-09 1.397415241444897163e-15
3.165399999999999843e-09 1.445646300317785130e-15
3.353129999999999980e-09 1.493853642108222035e-15
3.551989999999999849e-09 1.539456848245510186e-15
3.762639999999999737e-09 1.466631174870662424e-15
3.985790000000000150e-09 1.589310155558064812e-15
4.222170000000000114e-09 1.658341095740710456e-15
4.472569999999999993e-09 1.617296312850554743e-15
4.737819999999999672e-09 1.695932671425961974e-15
5.018800000000000081e-09 1.709247441514100951e-15
5.316449999999999772e-09 1.728586350544860328e-15
5.631740000000000241e-09 1.749661350011052799e-15
5.965740000000000122e-09 1.735374179542412033e-15
6.319540000000000286e-09 1.800254630296086684e-15
6.694330000000000394e-09 1.914310079804209580e-15
7.091339999999999626e-09 1.857109220348253749e-15
7.511899999999999258e-09 1.906905606662925553e-15
7.957399999999999839e-09 1.955663184766231454e-15
8.429320000000000004e-09 1.960558390584172352e-15
8.929230000000000607e-09 1.936556703143494211e-15
9.458789999999999759e-09 1.987083575597664770e-15
1.001980000000000049e-08 2.064002817403600308e-15
1.061399999999999995e-08 2.046874340457298403e-15
1.124350000000000072e-08 2.119059652605961598e-15
1.191030000000000012e-08 2.108681057325289385e-15
1.261659999999999963e-08 2.277760138120341809e-15
1.336490000000000045e-08 2.412283429783904963e-15
1.415749999999999955e-08 2.458351490737237777e-15
1.499710000000000067e-08 2.594677280667096562e-15
1.588650000000000134e-08 2.732848259611664032e-15
1.682869999999999835e-08 2.824130566550084362e-15
1.782669999999999842e-08 2.947189020556706883e-15
1.888390000000000011e-08 3.254069093810086753e-15
2.000389999999999955e-08 3.373660110362334915e-15
2.119020000000000071e-08 3.801350258205956835e-15
2.244690000000000031e-08 4.089427428491975964e-15
2.377820000000000046e-08 4.310584478933512029e-15
2.518839999999999876e-08 5.205093217248851293e-15
2.668220000000000119e-08 6.273737518337852434e-15
2.826460000000000019e-08 8.153695775919653959e-15
2.994089999999999780e-08 1.141607533542066399e-14
3.171649999999999816e-08 2.141102309036165440e-13
3.359750000000000025e-08 1.195279291129274204e-14
3.559000000000000304e-08 9.627617581935833582e-15
3.770069999999999824e-08 7.970552465231001020e-15
3.993660000000000041e-08 7.066552150518666604e-15
4.230509999999999942e-08 7.077035100962125143e-15
4.481400000000000014e-08 7.607349064572361876e-15
4.747179999999999896e-08 7.971880621848273063e-15
5.028720000000000311e-08 8.291444590796587454e-15
5.326949999999999932e-08 9.288178697893359996e-15
5.642869999999999892e-08 1.015072155248088779e-14
5.977520000000000178e-08 1.243121389849961298e-14
6.332030000000000353e-08 1.675806355257820190e-14
6.707549999999999735e-08 1.346964263654570551e-14
7.105349999999999498e-08 1.232334860751126968e-14
7.526740000000000335e-08 1.226509945301096824e-14
7.973119999999999863e-08 1.301678866422129419e-14
8.445980000000000565e-08 1.412077141816267731e-14
8.946870000000000228e-08 1.510341757828340084e-14
9.477480000000000239e-08 1.574088532040844312e-14
1.003949999999999934e-07 1.667239745076424112e-14
1.063499999999999961e-07 1.733998588760238933e-14
1.126570000000000009e-07 1.859528362758282885e-14
1.193380000000000062e-07 1.975443231530584669e-14
1.264150000000000107e-07 2.091192080725728117e-14
1.339129999999999895e-07 2.226569187357536412e-14
1.418539999999999943e-07 2.325820433999581110e-14
1.502670000000000048e-07 2.571055066545639028e-14
1.591789999999999988e-07 2.637989416639592688e-14
1.686190000000000093e-07 2.818462183844232522e-14
1.786189999999999929e-07 2.902951918368611210e-14
1.892129999999999884e-07 3.131271527710428547e-14
2.004340000000000066e-07 3.290408407541911674e-14
2.123210000000000124e-07 3.708146867588984425e-14
2.249129999999999970e-07 3.656604904005899458e-14
2.382510000000000070e-07 3.948002465835095696e-14
2.523810000000000151e-07 4.216750213923335675e-14
2.673489999999999940e-07 4.377495111945015535e-14
2.832039999999999993e-07 4.767560480187954098e-14
2.999999999999999864e-07 5.137499532262753441e-14
