1.000000000000000062e-09 6.775258943852256060e-15
1.059309999999999933e-09 5.987851806470330362e-15
1.122129999999999929e-09 5.405597432291827680e-15
1.188680000000000077e-09 4.972808111721182462e-15
1.259169999999999902e-09 4.494434558679211678e-15
1.333849999999999897e-09 4.070074289211746029e-15
1.412960000000000051e-09 3.883212139994736576e-15
1.496750000000000027e-09 3.626991754857253917e-15
1.585519999999999918e-09 3.195625459233684987e-15
1.679550000000000058e-09 3.008526139192162556e-15
1.779160000000000089e-09 2.739384687535232005e-15
1.884669999999999862e-09 2.583909725234223318e-15
1.996440000000000191e-09 2.421665907601624327e-15
2.114849999999999992e-09 2.395140722588132303e-15
2.240270000000000164e-09 2.252776563466181575e-15
2.373130000000000055e-09 2.224021972702270481e-15
2.513870000000000130e-09 2.223670959881991858e-15
2.662960000000000077e-09 2.255674790941726129e-15
2.820890000000000172e-09 2.223903387290014584e-15
2.988179999999999911e-09 2.125273528208192853e-15
3.165399999999999843e-09 2.076198141200039696e-15
3.353129999999999980e-09 2.109629740623339718e-15
3.551989999999999849e-09 2.269862349664071215e-15
3.762639999999999737e-09 2.142406748570985010e-15
3.985790000000000150e-09 2.180956494387267757e-15
4.222170000000000114e-09 2.090940679651744621e-15
4.472569999999999993e-09 2.048852345133733740e-15
4.737819999999999672e-09 2.025310769092610405e-15
5.018800000000000081e-09 2.137502055920063608e-15
5.316449999999999772e-09 2.096561628192694023e-15
5.631740000000000241e-09 2.196832709380143224e-15
5.965740000000000122e-09 2.503238440984497928e-15
6.319540000000000286e-09 2.277949874779952270e-15
6.694330000000000394e-09 2.498902958312407120e-15
7.091339999999999626e-09 2.714590849540681837e-15
7.511899999999999258e-09 2.866560427055393363e-15
7.957399999999999839e-09 2.933755665056311416e-15
8.429320000000000004e-09 2.947041974645508687e-15
8.929230000000000607e-09 3.453852309546544493e-15
9.458789999999999759e-09 3.360587254515198575e-15
1.001980000000000049e-08 3.612391518900256148e-15
1.061399999999999995e-08 3.775602993496866872e-15
1.124350000000000072e-08 4.078280399739882981e-15
1.191030000000000012e-08 4.193127999801878298e-15
1.261659999999999963e-08 4.360864693730189897e-15
1.336490000000000045e-08 4.649226469005624125e-15
1.415749999999999955e-08 4.748254775072626996e-15
1.499710000000000067e-08 5.209931502068908776e-15
1.588650000000000134e-08 5.725113967075240343e-15
1.682869999999999835e-08 5.720038511430669487e-15
1.782669999999999842e-08 6.371451898037055595e-15
1.888390000000000011e-08 6.677924037472274611e-15
2.000389999999999955e-08 7.155348907216194274e-15
2.119020000000000071e-08 7.417422668302650639e-15
2.244690000000000031e-08 7.803394468114500913e-15
2.377820000000000046e-08 8.559352754166051784e-15
2.518839999999999876e-08 8.918381948313271043e-15
2.668220000000000119e-08 8.824936643455292800e-15
2.826460000000000019e-08 1.012970821742906820e-14
2.994089999999999780e-08 1.466877832528155748e-14
3.171649999999999816e-08 2.914853150342655374e-13
3.359750000000000025e-08 1.513145116974079289e-14
3.559000000000000304e-08 1.297789264900122110e-14
3.770069999999999824e-08 1.356332511222819318e-14
3.993660000000000041e-08 1.360852987138030099e-14
4.230509999999999942e-08 1.457367282465199115e-14
4.481400000000000014e-08 1.607913835032835379e-14
4.747179999999999896e-08 1.682357013430859155e-14
5.028720000000000311e-08 1.692669200880667844e-14
5.326949999999999932e-08 1.878758173209766592e-14
5.642869999999999892e-08 1.922364401004658479e-14
5.977520000000000178e-08 2.127166151387803660e-14
6.332030000000000353e-08 4.185320336258922170e-14
6.707549999999999735e-08 2.258739037994429176e-14
7.105349999999999498e-08 2.439121680285753755e-14
7.526740000000000335e-08 2.586053749487817306e-14
7.973119999999999863e-08 2.643259352360263704e-14
8.445980000000000565e-08 2.885277948525930048e-14
8.946870000000000228e-08 2.920953183949119578e-14
9.477480000000000239e-08 3.211558595224443631e-14
1.003949999999999934e-07 3.522674539403618393e-14
1.063499999999999961e-07 3.522859532646738997e-14
1.126570000000000009e-07 3.906260400720873501e-14
1.193380000000000062e-07 4.249565169202903296e-14
1.264150000000000107e-07 4.643088488067237055e-14
1.339129999999999895e-07 4.678132849097222641e-14
1.418539999999999943e-07 4.942829719502787386e-14
1.502670000000000048e-07 4.918733163732303897e-14
1.591789999999999988e-07 5.242044431707918362e-14
1.686190000000000093e-07 5.444113974192678271e-14
1.786189999999999929e-07 6.057390292217432658e-14
1.892129999999999884e-07 6.569774141494514955e-14
2.004340000000000066e-07 7.166069028484165238e-14
2.123210000000000124e-07 7.264447486492004262e-14
2.249129999999999970e-07 7.854243892890007560e-14
2.382510000000000070e-07 8.108064109283423509e-14
2.523810000000000151e-07 8.437636687026172061e-14
2.673489999999999940e-07 8.862836541212411780e-14
2.832039999999999993e-07 9.883809506574376308e-14
2.999999999999999864e-07 9.924460585895839043e-14
