1.000000000000000062e-09 2.248355699297266553e-14
1.059309999999999933e-09 2.046271926563036047e-14
1.122129999999999929e-09 1.848376590589698863e-14
1.188680000000000077e-09 1.642004769348280539e-14
1.259169999999999902e-09 1.525349927603499181e-14
1.333849999999999897e-09 1.375766288583384162e-14
1.412960000000000051e-09 1.280784116782567063e-14
1.496750000000000027e-09 1.184488018613949466e-14
1.585519999999999918e-09 1.070797812175575869e-14
1.679550000000000058e-09 9.774284019814443355e-15
1.779160000000000089e-09 9.462499253910141689e-15
1.884669999999999862e-09 8.525911667909771259e-15
1.996440000000000191e-09 7.879431434453249247e-15
2.114849999999999992e-09 7.319044210294810668e-15
2.240270000000000164e-09 7.043119673056818663e-15
2.373130000000000055e-09 6.487713036213146696e-15
2.513870000000000130e-09 5.962996304061406134e-15
2.662960000000000077e-09 5.738680138237363250e-15
2.820890000000000172e-09 5.234028057839392739e-15
2.988179999999999911e-09 5.072846765500609725e-15
3.165399999999999843e-09 4.684849526847420414e-15
3.353129999999999980e-09 4.406510590615890313e-15
3.551989999999999849e-09 4.288024790105871183e-15
3.762639999999999737e-09 3.926154289480992756e-15
3.985790000000000150e-09 3.788452908768960990e-15
4.222170000000000114e-09 3.642023641714863799e-15
4.472569999999999993e-09 3.524524471834817014e-15
4.737819999999999672e-09 3.386543229549860794e-15
5.018800000000000081e-09 3.213147639748677780e-15
5.316449999999999772e-09 3.143775173578733820e-15
5.631740000000000241e-09 3.042503231511841913e-15
5.965740000000000122e-09 3.091341447695482092e-15
6.319540000000000286e-09 2.943854398764059176e-15
6.694330000000000394e-09 2.859905413719569098e-15
7.091339999999999626e-09 2.852230565838340332e-15
7.511899999999999258e-09 2.852206848755889074e-15
7.957399999999999839e-09 2.712650792196168513e-15
8.429320000000000004e-09 2.681448598523286773e-15
8.929230000000000607e-09 2.671724594718269289e-15
9.458789999999999759e-09 2.618285264539083815e-15
1.001980000000000049e-08 2.637695324817197164e-15
1.061399999999999995e-08 2.723200150470490180e-15
1.124350000000000072e-08 2.732824542529212379e-15
1.191030000000000012e-08 2.679892757914484228e-15
1.261659999999999963e-08 2.723181176804529174e-15
1.336490000000000045e-08 2.621159774932176716e-15
1.415749999999999955e-08 2.699226923528753550e-15
1.499710000000000067e-08 2.715027243857784990e-15
1.588650000000000134e-08 2.690693517262789233e-15
1.682869999999999835e-08 2.738692148727655262e-15
1.782669999999999842e-08 2.791804183169012977e-15
1.888390000000000011e-08 2.748169494875179660e-15
2.000389999999999955e-08 2.802424692690688814e-15
2.119020000000000071e-08 2.863415541922356511e-15
2.244690000000000031e-08 2.747448495568660618e-15
2.377820000000000046e-08 2.890884666817408616e-15
2.518839999999999876e-08 2.872532388416621388e-15
2.668220000000000119e-08 2.905034278207832084e-15
2.826460000000000019e-08 3.230261886445509325e-15
2.994089999999999780e-08 4.412629597888315746e-15
3.171649999999999816e-08 8.496028144021181690e-14
3.359750000000000025e-08 4.313174384337190226e-15
3.559000000000000304e-08 3.296778815888320996e-15
3.770069999999999824e-08 3.527840119961504109e-15
3.993660000000000041e-08 3.488450789426446423e-15
4.230509999999999942e-08 3.657197831067182020e-15
4.481400000000000014e-08 3.830754697029033196e-15
4.747179999999999896e-08 4.097752124432369996e-15
5.028720000000000311e-08 4.158861559076293196e-15
5.326949999999999932e-08 4.449447996685655453e-15
5.642869999999999892e-08 4.609666375476917379e-15
5.977520000000000178e-08 5.039547981739036751e-15
6.332030000000000353e-08 7.789401389468256934e-15
6.707549999999999735e-08 5.497382541378214685e-15
7.105349999999999498e-08 5.660271463653487508e-15
7.526740000000000335e-08 6.156575131028613517e-15
7.973119999999999863e-08 6.338580021759605269e-15
8.445980000000000565e-08 6.869842668667893124e-15
8.946870000000000228e-08 7.146573586709228700e-15
9.477480000000000239e-08 7.798508749129540124e-15
1.003949999999999934e-07 8.039664043493981928e-15
1.063499999999999961e-07 8.375308194344252607e-15
1.126570000000000009e-07 8.958179212666488794e-15
1.193380000000000062e-07 9.333905232859395479e-15
1.264150000000000107e-07 1.020669386706586844e-14
1.339129999999999895e-07 1.108849499260381956e-14
1.418539999999999943e-07 1.116334610482000498e-14
1.502670000000000048e-07 1.206834253699529303e-14
1.591789999999999988e-07 1.293197637737557871e-14
1.686190000000000093e-07 1.336931937777686552e-14
1.786189999999999929e-07 1.431046064360787754e-14
1.892129999999999884e-07 1.500247767537082655e-14
2.004340000000000066e-07 1.598180344394837076e-14
2.123210000000000124e-07 1.708208633302735443e-14
2.249129999999999970e-07 1.809067898134976244e-14
2.382510000000000070e-07 1.982994750583067207e-14
2.523810000000000151e-07 1.979275912054708958e-14
2.673489999999999940e-07 2.211878826487224334e-14
2.832039999999999993e-07 2.268410864218054049e-14
2.999999999999999864e-07 2.388044571518714082e-14
