1.000000000000000062e-09 6.321456288229794207e-16
1.059309999999999933e-09 5.519724033047305533e-16
1.122129999999999929e-09 5.486140644296315881e-16
1.188680000000000077e-09 4.913515405593025846e-16
1.259169999999999902e-09 4.192905059226836766e-16
1.333849999999999897e-09 3.985869159676782165e-16
1.412960000000000051e-09 3.783263611128624390e-16
1.496750000000000027e-09 3.609806356913068499e-16
1.585519999999999918e-09 3.360900320003555184e-16
1.679550000000000058e-09 3.123729495490926255e-16
1.779160000000000089e-09 3.109224127863734603e-16
1.884669999999999862e-09 2.943000583795812989e-16
1.996440000000000191e-09 2.987346784563184450e-16
2.114849999999999992e-09 2.725799542707148978e-16
2.240270000000000164e-09 2.830017146414487660e-16
2.373130000000000055e-09 2.730927175933111222e-16
2.513870000000000130e-09 2.763737387796188768e-16
2.662960000000000077e-09 2.717783168838621205e-16
2.820890000000000172e-09 2.688283861685740403e-16
2.988179999999999911e-09 2.787430753165000255e-16
3.165399999999999843e-09 2.715824137828147663e-16
3.353129999999999980e-09 2.836245252266189669e-16
3.551989999999999849e-09 2.895139511409165343e-16
3.762639999999999737e-09 3.100586366434984651e-16
3.985790000000000150e-09 3.132310335921793779e-16
4.222170000000000114e-09 3.506755633662331431e-16
4.472569999999999993e-09 3.513870758397709909e-16
4.737819999999999672e-09 3.610740809961648471e-16
5.018800000000000081e-09 4.034887625687052499e-16
5.316449999999999772e-09 4.102756428829586682e-16
5.631740000000000241e-09 4.364583532258547298e-16
5.965740000000000122e-09 4.621112239467896414e-16
6.319540000000000286e-09 4.894921212951236375e-16
6.694330000000000394e-09 5.015071952649333641e-16
7.091339999999999626e-09 5.220699057501782612e-16
7.511899999999999258e-09 5.745937565467448687e-16
7.957399999999999839e-09 6.027459334163940019e-16
8.429320000000000004e-09 6.422633361966880883e-16
8.929230000000000607e-09 6.852529198478470812e-16
9.458789999999999759e-09 7.118445126922029248e-16
1.001980000000000049e-08 7.436965544242489456e-16
1.061399999999999995e-08 7.839396999275518321e-16
1.124350000000000072e-08 8.899218545692649203e-16
1.191030000000000012e-08 8.973547882094906544e-16
1.261659999999999963e-08 9.428441523510127660e-16
1.336490000000000045e-08 1.054371360869831328e-15
1.415749999999999955e-08 1.028771142071938181e-15
1.499710000000000067e-08 1.148333698125244438e-15
1.588650000000000134e-08 1.181770040965034909e-15
1.682869999999999835e-08 1.227638878425777153e-15
1.782669999999999842e-08 1.326994480230607388e-15
1.888390000000000011e-08 1.420411324589641557e-15
2.000389999999999955e-08 1.488697548383317493e-15
2.119020000000000071e-08 1.554635781014318264e-15
2.244690000000000031e-08 1.750733362137849872e-15
2.377820000000000046e-08 1.775337463472789973e-15
2.518839999999999876e-08 1.855605557320843972e-15
2.668220000000000119e-08 2.035807949785538910e-15
2.826460000000000019e-08 2.287218510601905595e-15
2.994089999999999780e-08 2.429535235558953411e-15
3.171649999999999816e-08 4.485749363085558834e-14
3.359750000000000025e-08 2.573820478359456062e-15
3.559000000000000304e-08 2.633497401223323654e-15
3.770069999999999824e-08 2.875093833321358074e-15
3.993660000000000041e-08 3.124540619710760177e-15
4.230509999999999942e-08 3.173701388215737863e-15
4.481400000000000014e-08 3.360724813593416267e-15
4.747179999999999896e-08 3.550850433355719652e-15
5.028720000000000311e-08 3.770897524338535646e-15
5.326949999999999932e-08 3.874944365052225563e-15
5.642869999999999892e-08 4.308369303432563715e-15
5.977520000000000178e-08 4.522136110982286903e-15
6.332030000000000353e-08 7.584106323770125579e-15
6.707549999999999735e-08 5.167335621986440967e-15
7.105349999999999498e-08 5.196839672555811035e-15
7.526740000000000335e-08 5.656334427966579418e-15
7.973119999999999863e-08 6.194380160455927937e-15
8.445980000000000565e-08 6.366898218206413999e-15
8.946870000000000228e-08 6.626078495233813695e-15
9.477480000000000239e-08 7.543787283602978568e-15
1.003949999999999934e-07 7.498250485296553151e-15
1.063499999999999961e-07 7.860030861008116796e-15
1.126570000000000009e-07 8.550103092010059466e-15
1.193380000000000062e-07 9.064052268728926390e-15
1.264150000000000107e-07 9.385466170108438929e-15
1.339129999999999895e-07 1.035084629420464326e-14
1.418539999999999943e-07 1.059736164920306944e-14
1.502670000000000048e-07 1.155444079444132862e-14
1.591789999999999988e-07 1.185503109742863479e-14
1.686190000000000093e-07 1.252684117494310699e-14
1.786189999999999929e-07 1.390423445538264794e-14
1.892129999999999884e-07 1.424068498703626456e-14
2.004340000000000066e-07 1.536691436431692955e-14
2.123210000000000124e-07 1.572878960835829980e-14
2.249129999999999970e-07 1.695700244017939761e-14
2.382510000000000070e-07 1.799377098245390048e-14
2.523810000000000151e-07 1.855259287917055759e-14
2.673489999999999940e-07 2.056688469175630589e-14
2.832039999999999993e-07 2.145969054355165033e-14
2.999999999999999864e-07 2.225563583061603060e-14
