1.000000000000000062e-09 2.266987839270978708e-15
1.059309999999999933e-09 2.013006346716894834e-15
1.122129999999999929e-09 1.802688002955586576e-15
1.188680000000000077e-09 1.673686048086677342e-15
1.259169999999999902e-09 1.667045265000323833e-15
1.333849999999999897e-09 1.399118127964897904e-15
1.412960000000000051e-09 1.223791967652182267e-15
1.496750000000000027e-09 1.222724698941875446e-15
1.585519999999999918e-09 1.235095529148454145e-15
1.679550000000000058e-09 1.094026322728342910e-15
1.779160000000000089e-09 1.078392021976470278e-15
1.884669999999999862e-09 1.062857332970893129e-15
1.996440000000000191e-09 8.907472090385689066e-16
2.114849999999999992e-09 9.115850376802485972e-16
2.240270000000000164e-09 9.515578084436068432e-16
2.373130000000000055e-09 9.418622651375304748e-16
2.513870000000000130e-09 8.724755687181160551e-16
2.662960000000000077e-09 9.424883961142440886e-16
2.820890000000000172e-09 9.350886663894499189e-16
2.988179999999999911e-09 8.896562232458108272e-16
3.165399999999999843e-09 8.972172291312733562e-16
3.353129999999999980e-09 9.723482029203840172e-16
3.551989999999999849e-09 9.966060348515353530e-16
3.762639999999999737e-09 1.006984630132208158e-15
3.985790000000000150e-09 9.673676156056185893e-16
4.222170000000000114e-09 1.036844436938348086e-15
4.472569999999999993e-09 1.147237968915996107e-15
4.737819999999999672e-09 1.222340482206164864e-15
5.018800000000000081e-09 1.194221509251947689e-15
5.316449999999999772e-09 1.226253800810623273e-15
5.631740000000000241e-09 1.263352061180888618e-15
5.965740000000000122e-09 1.453378069196896718e-15
6.319540000000000286e-09 1.545808282925958542e-15
6.694330000000000394e-09 1.579372698010985609e-15
7.091339999999999626e-09 1.631758989729335017e-15
7.511899999999999258e-09 1.677087077710188375e-15
7.957399999999999839e-09 1.834706064264791207e-15
8.429320000000000004e-09 1.957119413628739108e-15
8.929230000000000607e-09 2.108386965502893388e-15
9.458789999999999759e-09 2.223557117886225818e-15
1.001980000000000049e-08 2.265536353824961306e-15
1.061399999999999995e-08 2.223324690478203486e-15
1.124350000000000072e-08 2.455581335506930412e-15
1.191030000000000012e-08 2.701200184788698635e-15
1.261659999999999963e-08 2.712593871198285099e-15
1.336490000000000045e-08 2.915403386655524582e-15
1.415749999999999955e-08 3.077770533116869328e-15
1.499710000000000067e-08 3.405274981269867761e-15
1.588650000000000134e-08 3.653028367972249232e-15
1.682869999999999835e-08 3.792470582536204936e-15
1.782669999999999842e-08 3.974447012768254389e-15
1.888390000000000011e-08 4.104857762334767774e-15
2.000389999999999955e-08 4.421276846150046102e-15
2.119020000000000071e-08 4.422695127680632138e-15
2.244690000000000031e-08 5.088879513237663497e-15
2.377820000000000046e-08 5.240147065111817382e-15
2.518839999999999876e-08 5.839572606985035024e-15
2.668220000000000119e-08 5.798589488509252780e-15
2.826460000000000019e-08 6.382409190129538510e-15
2.994089999999999780e-08 7.508353962420790768e-15
3.171649999999999816e-08 1.400896909148742577e-13
3.359750000000000025e-08 7.457314800985673423e-15
3.559000000000000304e-08 7.707767191671008484e-15
3.770069999999999824e-08 8.776553795254716386e-15
3.993660000000000041e-08 9.090520532744535394e-15
4.230509999999999942e-08 9.539959245195967099e-15
4.481400000000000014e-08 9.834477975075746407e-15
4.747179999999999896e-08 1.073240671668055948e-14
5.028720000000000311e-08 1.131295346092257236e-14
5.326949999999999932e-08 1.154021054497057364e-14
5.642869999999999892e-08 1.242680252116368051e-14
5.977520000000000178e-08 1.291157968646749341e-14
6.332030000000000353e-08 2.399879395661894344e-14
6.707549999999999735e-08 1.604968173392388308e-14
7.105349999999999498e-08 1.630288530617356726e-14
7.526740000000000335e-08 1.713620871518113693e-14
7.973119999999999863e-08 1.668454059697928852e-14
8.445980000000000565e-08 1.880968605294224498e-14
8.946870000000000228e-08 1.914428665216466029e-14
9.477480000000000239e-08 2.172987554683643546e-14
1.003949999999999934e-07 2.245936556887237575e-14
1.063499999999999961e-07 2.466225562111057113e-14
1.126570000000000009e-07 2.432642173360069039e-14
1.193380000000000062e-07 2.630646607912681853e-14
1.264150000000000107e-07 2.848995555791988305e-14
1.339129999999999895e-07 3.292837036784921156e-14
1.418539999999999943e-07 3.208380506175974071e-14
1.502670000000000048e-07 3.430362911086813295e-14
1.591789999999999988e-07 3.587735239983922804e-14
1.686190000000000093e-07 3.703773437584971446e-14
1.786189999999999929e-07 3.874650273229830749e-14
1.892129999999999884e-07 4.304716872735069620e-14
2.004340000000000066e-07 4.405756387393939668e-14
2.123210000000000124e-07 4.652589551297212553e-14
2.249129999999999970e-07 4.985615336244864315e-14
2.382510000000000070e-07 5.314523835678978266e-14
2.523810000000000151e-07 5.316705807264494661e-14
2.673489999999999940e-07 5.740198031514244413e-14
2.832039999999999993e-07 6.425716582685545804e-14
2.999999999999999864e-07 6.563750002551895030e-14
