1.000000000000000062e-09 9.196014115487752857e-14
1.059309999999999933e-09 8.276407960522487478e-14
1.122129999999999929e-09 7.609341299498268521e-14
1.188680000000000077e-09 6.574802162974182348e-14
1.259169999999999902e-09 6.018826316151679392e-14
1.333849999999999897e-09 4.902985020984664594e-14
1.412960000000000051e-09 4.893782792993575108e-14
1.496750000000000027e-09 4.263434919020401048e-14
1.585519999999999918e-09 3.867449766997626518e-14
1.679550000000000058e-09 3.422982155027981079e-14
1.779160000000000089e-09 3.247276521396045269e-14
1.884669999999999862e-09 2.975009158272038242e-14
1.996440000000000191e-09 2.629062306804937798e-14
2.114849999999999992e-09 2.456098367904367765e-14
2.240270000000000164e-09 2.307895063082916453e-14
2.373130000000000055e-09 2.118646975371309783e-14
2.513870000000000130e-09 1.993349628781288320e-14
2.662960000000000077e-09 1.914167777309502030e-14
2.820890000000000172e-09 1.809945430185672643e-14
2.988179999999999911e-09 1.701975784034543813e-14
3.165399999999999843e-09 1.652454515876306685e-14
3.353129999999999980e-09 1.532251598596816453e-14
3.551989999999999849e-09 1.490177494328276327e-14
3.762639999999999737e-09 1.382606295162328794e-14
3.985790000000000150e-09 1.358462305226942946e-14
4.222170000000000114e-09 1.306389078996950423e-14
4.472569999999999993e-09 1.180095614943975480e-14
4.737819999999999672e-09 1.160121088103521947e-14
5.018800000000000081e-09 1.167544534910767375e-14
5.316449999999999772e-09 1.116462682727237450e-14
5.631740000000000241e-09 1.126532955936043463e-14
5.965740000000000122e-09 1.071926745300256080e-14
6.319540000000000286e-09 1.007046294546581390e-14
6.694330000000000394e-09 1.052677961182811209e-14
7.091339999999999626e-09 1.036076003466927238e-14
7.511899999999999258e-09 1.039590875086204193e-14
7.957399999999999839e-09 1.010490014918504727e-14
8.429320000000000004e-09 1.026840571560405360e-14
8.929230000000000607e-09 1.049831911288659581e-14
9.458789999999999759e-09 1.016514153861125442e-14
1.001980000000000049e-08 1.041075564447653278e-14
1.061399999999999995e-08 1.085066008978255707e-14
1.124350000000000072e-08 1.072903889097247923e-14
1.191030000000000012e-08 1.075190215845549697e-14
1.261659999999999963e-08 1.063540384945489565e-14
1.336490000000000045e-08 1.089553280978034726e-14
1.415749999999999955e-08 1.108346697112415280e-14
1.499710000000000067e-08 1.172686398386201123e-14
1.588650000000000134e-08 1.102863307649683412e-14
1.682869999999999835e-08 1.175802823020297096e-14
1.782669999999999842e-08 1.211691512185547951e-14
1.888390000000000011e-08 1.256550001933866749e-14
2.000389999999999955e-08 1.346285955096464564e-14
2.119020000000000071e-08 1.337932798657129810e-14
2.244690000000000031e-08 1.445878727725807698e-14
2.377820000000000046e-08 1.501253371833016007e-14
2.518839999999999876e-08 1.684961149084007790e-14
2.668220000000000119e-08 1.942362644927563270e-14
2.826460000000000019e-08 2.315456068968379179e-14
2.994089999999999780e-08 3.097844671703617988e-14
3.171649999999999816e-08 5.764768928933752185e-13
3.359750000000000025e-08 3.139809677392882799e-14
3.559000000000000304e-08 2.650535753256311015e-14
3.770069999999999824e-08 2.364151982657311887e-14
3.993660000000000041e-08 2.264450111448693438e-14
4.230509999999999942e-08 2.085357678442717311e-14
4.481400000000000014e-08 2.189200552247326565e-14
4.747179999999999896e-08 2.326958853957241825e-14
5.028720000000000311e-08 2.300262905950100109e-14
5.326949999999999932e-08 2.487779646642764765e-14
5.642869999999999892e-08 2.963857386103453903e-14
5.977520000000000178e-08 3.519463246439718176e-14
6.332030000000000353e-08 5.550935713553166515e-14
6.707549999999999735e-08 3.597677440947492180e-14
7.105349999999999498e-08 3.606286741877300997e-14
7.526740000000000335e-08 3.421725149658063915e-14
7.973119999999999863e-08 3.783851794773416089e-14
8.445980000000000565e-08 3.921799833142941100e-14
8.946870000000000228e-08 4.302710407559693009e-14
9.477480000000000239e-08 4.314455106789558647e-14
1.003949999999999934e-07 4.639516695450075818e-14
1.063499999999999961e-07 4.760445355452575975e-14
1.126570000000000009e-07 5.161690956363040701e-14
1.193380000000000062e-07 5.486804722604952060e-14
1.264150000000000107e-07 5.436334771148663653e-14
1.339129999999999895e-07 6.209274488235320521e-14
1.418539999999999943e-07 6.542404628345758135e-14
1.502670000000000048e-07 6.658808069016555997e-14
1.591789999999999988e-07 7.097621528529820825e-14
1.686190000000000093e-07 7.747659324354033477e-14
1.786189999999999929e-07 7.753066819152922264e-14
1.892129999999999884e-07 9.083737447163475518e-14
2.004340000000000066e-07 9.270722925209230726e-14
2.123210000000000124e-07 9.779881251272941894e-14
2.249129999999999970e-07 1.024976408879736047e-13
2.382510000000000070e-07 1.057587397250222562e-13
2.523810000000000151e-07 1.142584677339058399e-13
2.673489999999999940e-07 1.250061008175200930e-13
2.832039999999999993e-07 1.299131651766863677e-13
2.999999999999999864e-07 1.367285059898812677e-13
