1.000000000000000062e-09 1.097465299683775759e-14
1.059309999999999933e-09 1.014877675171988303e-14
1.122129999999999929e-09 8.929671279560071575e-15
1.188680000000000077e-09 8.161949320612691850e-15
1.259169999999999902e-09 7.359600421286470263e-15
1.333849999999999897e-09 6.604258779378651319e-15
1.412960000000000051e-09 6.276109226582979054e-15
1.496750000000000027e-09 5.569909379514176001e-15
1.585519999999999918e-09 5.224778395683398843e-15
1.679550000000000058e-09 4.859155852614732141e-15
1.779160000000000089e-09 4.461002959255910867e-15
1.884669999999999862e-09 4.265555226191544329e-15
1.996440000000000191e-09 3.909021069118200600e-15
2.114849999999999992e-09 3.695889879378171923e-15
2.240270000000000164e-09 3.367204320519100826e-15
2.373130000000000055e-09 3.183321036857969416e-15
2.513870000000000130e-09 3.057392815874744245e-15
2.662960000000000077e-09 2.876673391012612272e-15
2.820890000000000172e-09 2.699141542031929020e-15
2.988179999999999911e-09 2.433254074087311503e-15
3.165399999999999843e-09 2.300803655429989114e-15
3.353129999999999980e-09 2.133010040503794890e-15
3.551989999999999849e-09 2.014481549245363495e-15
3.762639999999999737e-09 2.039806649886821849e-15
3.985790000000000150e-09 1.841726320670365244e-15
4.222170000000000114e-09 1.832305895520723078e-15
4.472569999999999993e-09 1.705391043907525562e-15
4.737819999999999672e-09 1.721456995560010897e-15
5.018800000000000081e-09 1.633238935674293733e-15
5.316449999999999772e-09 1.552136000523955441e-15
5.631740000000000241e-09 1.500527629110007306e-15
5.965740000000000122e-09 1.552430092346351044e-15
6.319540000000000286e-09 1.389716676481216942e-15
6.694330000000000394e-09 1.401304842966904117e-15
7.091339999999999626e-09 1.385490292388402119e-15
7.511899999999999258e-09 1.352257916457692668e-15
7.957399999999999839e-09 1.325685297279297732e-15
8.429320000000000004e-09 1.339132883029163757e-15
8.929230000000000607e-09 1.322881938133558409e-15
9.458789999999999759e-09 1.377331616025167881e-15
1.001980000000000049e-08 1.319964736992053045e-15
1.061399999999999995e-08 1.274935484250085542e-15
1.124350000000000072e-08 1.267682800436489371e-15
1.191030000000000012e-08 1.323337306116622765e-15
1.261659999999999963e-08 1.272179559269248735e-15
1.336490000000000045e-08 1.364960785818588984e-15
1.415749999999999955e-08 1.343771944356630868e-15
1.499710000000000067e-08 1.260074360386123931e-15
1.588650000000000134e-08 1.351271285827719928e-15
1.682869999999999835e-08 1.300972097365081843e-15
1.782669999999999842e-08 1.281766003996049118e-15
1.888390000000000011e-08 1.286585315150145595e-15
2.000389999999999955e-08 1.347021184652453650e-15
2.119020000000000071e-08 1.350389010360532922e-15
2.244690000000000031e-08 1.362276012085105952e-15
2.377820000000000046e-08 1.392714515703056583e-15
2.518839999999999876e-08 1.453121924706423129e-15
2.668220000000000119e-08 1.370728780270735991e-15
2.826460000000000019e-08 1.511048526885387661e-15
2.994089999999999780e-08 2.121545202846854258e-15
3.171649999999999816e-08 3.964343535644016299e-14
3.359750000000000025e-08 2.005099071427644131e-15
3.559000000000000304e-08 1.522442213294974124e-15
3.770069999999999824e-08 1.664194471689681993e-15
3.993660000000000041e-08 1.673074147359434681e-15
4.230509999999999942e-08 1.751553973190663606e-15
4.481400000000000014e-08 1.733244385538288643e-15
4.747179999999999896e-08 1.804139488401603584e-15
5.028720000000000311e-08 1.836802654353482836e-15
5.326949999999999932e-08 2.061906227314908679e-15
5.642869999999999892e-08 2.123048865874264429e-15
5.977520000000000178e-08 2.269022764945296671e-15
6.332030000000000353e-08 3.630288429317979611e-15
6.707549999999999735e-08 2.558456552347528169e-15
7.105349999999999498e-08 2.816645455328465662e-15
7.526740000000000335e-08 2.875335747562360514e-15
7.973119999999999863e-08 2.936023018138652105e-15
8.445980000000000565e-08 3.194709979851066022e-15
8.946870000000000228e-08 3.408552682064632448e-15
9.477480000000000239e-08 3.447107171297405447e-15
1.003949999999999934e-07 3.782267493665671245e-15
1.063499999999999961e-07 3.965965784083682051e-15
1.126570000000000009e-07 4.172750282559752427e-15
1.193380000000000062e-07 4.389230324341899566e-15
1.264150000000000107e-07 5.006201763812561259e-15
1.339129999999999895e-07 5.179336465706780037e-15
1.418539999999999943e-07 5.262014215131882275e-15
1.502670000000000048e-07 5.455403305439479592e-15
1.591789999999999988e-07 5.649409039890809625e-15
1.686190000000000093e-07 6.464660032070518887e-15
1.786189999999999929e-07 6.708092166350279911e-15
1.892129999999999884e-07 7.045681117961555349e-15
2.004340000000000066e-07 7.637327456790758688e-15
2.123210000000000124e-07 8.280012957055079372e-15
2.249129999999999970e-07 8.101802799516289738e-15
2.382510000000000070e-07 8.736377057582278502e-15
2.523810000000000151e-07 9.165134474136209808e-15
2.673489999999999940e-07 1.005518914436720039e-14
2.832039999999999993e-07 1.048503754671388800e-14
2.999999999999999864e-07 1.135882229838331381e-14
