1.000000000000000062e-09 4.846870403904977025e-14
1.059309999999999933e-09 4.609400744153463128e-14
1.122129999999999929e-09 4.151964631499466176e-14
1.188680000000000077e-09 3.518106629323505885e-14
1.259169999999999902e-09 3.229175644069241142e-14
1.333849999999999897e-09 2.999703384520292494e-14
1.412960000000000051e-09 2.737283354030049493e-14
1.496750000000000027e-09 2.474849093290336211e-14
1.585519999999999918e-09 2.277513480462849039e-14
1.679550000000000058e-09 2.155005262769095553e-14
1.779160000000000089e-09 1.978393636587522149e-14
1.884669999999999862e-09 1.800406419623774816e-14
1.996440000000000191e-09 1.631735272646883641e-14
2.114849999999999992e-09 1.596387332961521633e-14
2.240270000000000164e-09 1.502225772213517756e-14
2.373130000000000055e-09 1.367332494063715288e-14
2.513870000000000130e-09 1.257546119396819440e-14
2.662960000000000077e-09 1.198334051348996590e-14
2.820890000000000172e-09 1.102967662812468791e-14
2.988179999999999911e-09 1.039533954088321173e-14
3.165399999999999843e-09 9.833197252623380036e-15
3.353129999999999980e-09 9.269442202756862777e-15
3.551989999999999849e-09 8.786704706543858098e-15
3.762639999999999737e-09 8.312457925848407047e-15
3.985790000000000150e-09 7.913299428193653999e-15
4.222170000000000114e-09 7.772135353443737730e-15
4.472569999999999993e-09 7.232714030172214651e-15
4.737819999999999672e-09 7.091787126246810966e-15
5.018800000000000081e-09 7.143490365990563543e-15
5.316449999999999772e-09 6.642206111300672500e-15
5.631740000000000241e-09 6.323448523155700102e-15
5.965740000000000122e-09 6.323495957320602619e-15
6.319540000000000286e-09 5.907735501949964811e-15
6.694330000000000394e-09 6.067825808495988364e-15
7.091339999999999626e-09 5.943975203935494605e-15
7.511899999999999258e-09 5.833785638866927208e-15
7.957399999999999839e-09 5.565924909662364605e-15
8.429320000000000004e-09 5.618908871858485131e-15
8.929230000000000607e-09 5.869456130873626013e-15
9.458789999999999759e-09 5.406308944765365429e-15
1.001980000000000049e-08 5.855083578908161112e-15
1.061399999999999995e-08 5.638546616128131743e-15
1.124350000000000072e-08 6.115971485872051406e-15
1.191030000000000012e-08 5.893837291633525076e-15
1.261659999999999963e-08 6.002414095095405330e-15
1.336490000000000045e-08 5.872491917427387077e-15
1.415749999999999955e-08 6.083573951243627036e-15
1.499710000000000067e-08 5.997955283594567979e-15
1.588650000000000134e-08 6.496298620060502992e-15
1.682869999999999835e-08 6.812210158311324392e-15
1.782669999999999842e-08 6.306182487131179321e-15
1.888390000000000011e-08 6.731761814636641224e-15
2.000389999999999955e-08 6.750545743938041748e-15
2.119020000000000071e-08 7.257142625097015441e-15
2.244690000000000031e-08 8.034873192838826172e-15
2.377820000000000046e-08 7.710802978224771125e-15
2.518839999999999876e-08 8.338451848214990886e-15
2.668220000000000119e-08 8.356524265042852872e-15
2.826460000000000019e-08 9.254073533328442661e-15
2.994089999999999780e-08 1.425301786991091888e-14
3.171649999999999816e-08 2.541593706724679994e-13
3.359750000000000025e-08 1.336576181540917519e-14
3.559000000000000304e-08 1.056932805774567581e-14
3.770069999999999824e-08 1.101217342127565612e-14
3.993660000000000041e-08 1.117510977771583067e-14
4.230509999999999942e-08 1.144723958176162056e-14
4.481400000000000014e-08 1.200117575949331846e-14
4.747179999999999896e-08 1.258433138280496659e-14
5.028720000000000311e-08 1.362764583983601991e-14
5.326949999999999932e-08 1.458600570752664863e-14
5.642869999999999892e-08 1.567680176362513213e-14
5.977520000000000178e-08 1.684595906014258254e-14
6.332030000000000353e-08 2.975089796352372362e-14
6.707549999999999735e-08 1.761202082331837419e-14
7.105349999999999498e-08 2.082511628548565683e-14
7.526740000000000335e-08 2.006356076797560900e-14
7.973119999999999863e-08 2.077701804227449867e-14
8.445980000000000565e-08 2.196533874141257211e-14
8.946870000000000228e-08 2.384183430495648598e-14
9.477480000000000239e-08 2.498675274320874883e-14
1.003949999999999934e-07 2.887407742530053517e-14
1.063499999999999961e-07 2.789446705173357271e-14
1.126570000000000009e-07 3.037973268763650472e-14
1.193380000000000062e-07 3.132884289317114111e-14
1.264150000000000107e-07 3.289938809309376602e-14
1.339129999999999895e-07 3.535519711259223048e-14
1.418539999999999943e-07 3.856411836824809482e-14
1.502670000000000048e-07 3.955492320473204490e-14
1.591789999999999988e-07 4.210246989915199858e-14
1.686190000000000093e-07 4.438310454766543290e-14
1.786189999999999929e-07 4.800764395619722040e-14
1.892129999999999884e-07 5.274726571325758937e-14
2.004340000000000066e-07 5.226201420630475920e-14
2.123210000000000124e-07 5.412001044553668527e-14
2.249129999999999970e-07 5.892746305840765616e-14
2.382510000000000070e-07 6.083241912089308946e-14
2.523810000000000151e-07 6.636940918996492366e-14
2.673489999999999940e-07 6.588131163311792987e-14
2.832039999999999993e-07 7.623903588123343962e-14
2.999999999999999864e-07 8.053894292964738806e-14
