1.000000000000000062e-09 1.869138524567534645e-14
1.059309999999999933e-09 1.729947711077563068e-14
1.122129999999999929e-09 1.473210293542642820e-14
1.188680000000000077e-09 1.399293634375037137e-14
1.259169999999999902e-09 1.245412460014753481e-14
1.333849999999999897e-09 1.193177957624092245e-14
1.412960000000000051e-09 1.021385642596614845e-14
1.496750000000000027e-09 9.507514276402639424e-15
1.585519999999999918e-09 8.396131792736462134e-15
1.679550000000000058e-09 7.759233260590250055e-15
1.779160000000000089e-09 6.902192769131415767e-15
1.884669999999999862e-09 6.635375591554708529e-15
1.996440000000000191e-09 6.009244614841369300e-15
2.114849999999999992e-09 5.559046955751498118e-15
2.240270000000000164e-09 5.392837641933048344e-15
2.373130000000000055e-09 4.845779418112219301e-15
2.513870000000000130e-09 4.624043670858872532e-15
2.662960000000000077e-09 4.395686114185133655e-15
2.820890000000000172e-09 4.200043901044666010e-15
2.988179999999999911e-09 3.871353598769105056e-15
3.165399999999999843e-09 3.674672577417271508e-15
3.353129999999999980e-09 3.535894441161953008e-15
3.551989999999999849e-09 3.136090838864524945e-15
3.762639999999999737e-09 3.210491326514136061e-15
3.985790000000000150e-09 2.918410712710344530e-15
4.222170000000000114e-09 2.927921262773300295e-15
4.472569999999999993e-09 2.641404676512574752e-15
4.737819999999999672e-09 2.689882393042956199e-15
5.018800000000000081e-09 2.576595377006253678e-15
5.316449999999999772e-09 2.450629208691106889e-15
5.631740000000000241e-09 2.487713238811901084e-15
5.965740000000000122e-09 2.453351929756511737e-15
6.319540000000000286e-09 2.356239963951570932e-15
6.694330000000000394e-09 2.288034378238229275e-15
7.091339999999999626e-09 2.206732219595300019e-15
7.511899999999999258e-09 2.266802846027858499e-15
7.957399999999999839e-09 2.208458823197752018e-15
8.429320000000000004e-09 2.184708536831057610e-15
8.929230000000000607e-09 2.199451075282762141e-15
9.458789999999999759e-09 2.157675806253107869e-15
1.001980000000000049e-08 2.097529285156705362e-15
1.061399999999999995e-08 2.243052559661163697e-15
1.124350000000000072e-08 2.134110513129533670e-15
1.191030000000000012e-08 2.157438635428595680e-15
1.261659999999999963e-08 2.117375739751922259e-15
1.336490000000000045e-08 2.161076835876619099e-15
1.415749999999999955e-08 2.154962572020683524e-15
1.499710000000000067e-08 2.172162200214339204e-15
1.588650000000000134e-08 2.184229451765541798e-15
1.682869999999999835e-08 2.190172952627828313e-15
1.782669999999999842e-08 2.296767007996783767e-15
1.888390000000000011e-08 2.283490185240567394e-15
2.000389999999999955e-08 2.244560966105064119e-15
2.119020000000000071e-08 2.335345214312008419e-15
2.244690000000000031e-08 2.467610639726210598e-15
2.377820000000000046e-08 2.574650576245250103e-15
2.518839999999999876e-08 2.774386357816805326e-15
2.668220000000000119e-08 3.410269798834104338e-15
2.826460000000000019e-08 3.752180002867999434e-15
2.994089999999999780e-08 4.763623444501044746e-15
3.171649999999999816e-08 9.207256012569651504e-14
3.359750000000000025e-08 4.876848796123373994e-15
3.559000000000000304e-08 4.024295576664317777e-15
3.770069999999999824e-08 3.438995929099073923e-15
3.993660000000000041e-08 3.194150256705216326e-15
4.230509999999999942e-08 2.962121295668021480e-15
4.481400000000000014e-08 3.105481572252925451e-15
4.747179999999999896e-08 3.247931112871699920e-15
5.028720000000000311e-08 3.416716101844357530e-15
5.326949999999999932e-08 3.584884446673281240e-15
5.642869999999999892e-08 4.164724421858245827e-15
5.977520000000000178e-08 5.075692815394760722e-15
6.332030000000000353e-08 6.249261489248149128e-15
6.707549999999999735e-08 5.431686222988216551e-15
7.105349999999999498e-08 4.846443496420854533e-15
7.526740000000000335e-08 4.867504265637576643e-15
7.973119999999999863e-08 5.034946867743491850e-15
8.445980000000000565e-08 5.502505431187687269e-15
8.946870000000000228e-08 5.862151269478637666e-15
9.477480000000000239e-08 6.525186026486141922e-15
1.003949999999999934e-07 6.425099938541811353e-15
1.063499999999999961e-07 6.812637065795447042e-15
1.126570000000000009e-07 7.246043030509824975e-15
1.193380000000000062e-07 7.862592305912854271e-15
1.264150000000000107e-07 7.997874544214855323e-15
1.339129999999999895e-07 8.639801097840737319e-15
1.418539999999999943e-07 9.026152370971807726e-15
1.502670000000000048e-07 9.480619104902907770e-15
1.591789999999999988e-07 1.018406777040736170e-14
1.686190000000000093e-07 1.086436856343938595e-14
1.786189999999999929e-07 1.168858461278567243e-14
1.892129999999999884e-07 1.191574682850386868e-14
2.004340000000000066e-07 1.340992302293342605e-14
2.123210000000000124e-07 1.343653358944374418e-14
2.249129999999999970e-07 1.423442367726912921e-14
2.382510000000000070e-07 1.547269255204956369e-14
2.523810000000000151e-07 1.579984598738228232e-14
2.673489999999999940e-07 1.655940926996642445e-14
2.832039999999999993e-07 1.863176050039286886e-14
2.999999999999999864e-07 1.882680978647205821e-14
