1.000000000000000062e-09 4.320280022239588792e-15
1.059309999999999933e-09 4.096988434377438690e-15
1.122129999999999929e-09 3.628927068785275806e-15
1.188680000000000077e-09 3.396964515578945272e-15
1.259169999999999902e-09 3.084904631518209404e-15
1.333849999999999897e-09 2.813372497950191227e-15
1.412960000000000051e-09 2.509955118734695858e-15
1.496750000000000027e-09 2.275530732369923529e-15
1.585519999999999918e-09 2.041936443890945240e-15
1.679550000000000058e-09 1.970367775886014365e-15
1.779160000000000089e-09 1.745600985495396785e-15
1.884669999999999862e-09 1.708583363205465324e-15
1.996440000000000191e-09 1.558748323111367441e-15
2.114849999999999992e-09 1.418694207820169864e-15
2.240270000000000164e-09 1.415568296353093822e-15
2.373130000000000055e-09 1.295545628900232759e-15
2.513870000000000130e-09 1.210557835644377764e-15
2.662960000000000077e-09 1.217729881377639657e-15
2.820890000000000172e-09 1.191920952254175239e-15
2.988179999999999911e-09 1.192252991408493053e-15
3.165399999999999843e-09 1.174588508398792512e-15
3.353129999999999980e-09 1.158593707993660557e-15
3.551989999999999849e-09 1.202294804118357595e-15
3.762639999999999737e-09 1.200966647501086933e-15
3.985790000000000150e-09 1.329702971046541679e-15
4.222170000000000114e-09 1.361716288939256059e-15
4.472569999999999993e-09 1.407860244556433097e-15
4.737819999999999672e-09 1.444602748689929764e-15
5.018800000000000081e-09 1.441799389544190440e-15
5.316449999999999772e-09 1.438104268098283410e-15
5.631740000000000241e-09 1.442567823015611407e-15
5.965740000000000122e-09 1.501381444078252802e-15
6.319540000000000286e-09 1.525131730444947407e-15
6.694330000000000394e-09 1.543602594257990927e-15
7.091339999999999626e-09 1.537578455315370331e-15
7.511899999999999258e-09 1.600945756208654308e-15
7.957399999999999839e-09 1.633860323234516898e-15
8.429320000000000004e-09 1.616357116385484914e-15
8.929230000000000607e-09 1.659422594700487835e-15
9.458789999999999759e-09 1.656491163309511914e-15
1.001980000000000049e-08 1.672092260145952390e-15
1.061399999999999995e-08 1.728610067627311981e-15
1.124350000000000072e-08 1.800558208951462791e-15
1.191030000000000012e-08 1.803978212240934633e-15
1.261659999999999963e-08 1.895630505665595381e-15
1.336490000000000045e-08 1.971065058110081754e-15
1.415749999999999955e-08 2.038639769430219940e-15
1.499710000000000067e-08 2.108173511760832457e-15
1.588650000000000134e-08 2.324985592697296818e-15
1.682869999999999835e-08 2.377106253092191541e-15
1.782669999999999842e-08 2.548063726817384412e-15
1.888390000000000011e-08 2.655720307480156633e-15
2.000389999999999955e-08 2.842995133931818769e-15
2.119020000000000071e-08 2.987574468554717417e-15
2.244690000000000031e-08 3.472104976201036436e-15
2.377820000000000046e-08 3.839349767709370784e-15
2.518839999999999876e-08 4.265374976364915555e-15
2.668220000000000119e-08 5.174118707567502421e-15
2.826460000000000019e-08 6.973770923969325961e-15
2.994089999999999780e-08 9.255876031594741448e-15
3.171649999999999816e-08 1.785550039176303646e-13
3.359750000000000025e-08 9.533033857120198096e-15
3.559000000000000304e-08 7.852868302107835209e-15
3.770069999999999824e-08 6.335117327721720767e-15
3.993660000000000041e-08 6.096713214921627294e-15
4.230509999999999942e-08 6.016264871246944126e-15
4.481400000000000014e-08 6.138597582530557354e-15
4.747179999999999896e-08 6.705435853115738981e-15
5.028720000000000311e-08 6.861304518985437767e-15
5.326949999999999932e-08 7.405658995406823363e-15
5.642869999999999892e-08 8.040043516813202061e-15
5.977520000000000178e-08 1.013274400398283084e-14
6.332030000000000353e-08 1.391955569064616081e-14
6.707549999999999735e-08 1.145293168154992413e-14
7.105349999999999498e-08 1.020498623712937626e-14
7.526740000000000335e-08 1.015129076245971641e-14
7.973119999999999863e-08 1.069000057325770174e-14
8.445980000000000565e-08 1.145340602319895088e-14
8.946870000000000228e-08 1.213773872024768746e-14
9.477480000000000239e-08 1.270433982000835887e-14
1.003949999999999934e-07 1.348207038775016802e-14
1.063499999999999961e-07 1.506077426403603051e-14
1.126570000000000009e-07 1.514511220923271768e-14
1.193380000000000062e-07 1.628931913501144435e-14
1.264150000000000107e-07 1.730194368735056154e-14
1.339129999999999895e-07 1.885185502554059329e-14
1.418539999999999943e-07 1.901033257047992812e-14
1.502670000000000048e-07 2.002347889863297457e-14
1.591789999999999988e-07 2.172944863935231123e-14
1.686190000000000093e-07 2.324302540722700579e-14
1.786189999999999929e-07 2.497456216282880048e-14
1.892129999999999884e-07 2.555952028440674898e-14
2.004340000000000066e-07 2.755194494697243554e-14
2.123210000000000124e-07 2.944494759990243150e-14
2.249129999999999970e-07 3.093670465192195895e-14
2.382510000000000070e-07 3.144690652961352864e-14
2.523810000000000151e-07 3.381045609837657462e-14
2.673489999999999940e-07 3.580164747265480522e-14
2.832039999999999993e-07 3.798674971305454898e-14
2.999999999999999864e-07 4.101418785379334373e-14
