1.000000000000000062e-09 3.467024777139975803e-14
1.059309999999999933e-09 3.144647962212940756e-14
1.122129999999999929e-09 2.684403746996714189e-14
1.188680000000000077e-09 2.581523786739626496e-14
1.259169999999999902e-09 2.367216229710015723e-14
1.333849999999999897e-09 2.082018313233579510e-14
1.412960000000000051e-09 2.008163318480346625e-14
1.496750000000000027e-09 1.774014050272009523e-14
1.585519999999999918e-09 1.580809953207532336e-14
1.679550000000000058e-09 1.502116673634241810e-14
1.779160000000000089e-09 1.386609738680101512e-14
1.884669999999999862e-09 1.344151417675850843e-14
1.996440000000000191e-09 1.200269365277019741e-14
2.114849999999999992e-09 1.119545903445901504e-14
2.240270000000000164e-09 9.986836512742661329e-15
2.373130000000000055e-09 9.680079768318028002e-15
2.513870000000000130e-09 8.951633297909938346e-15
2.662960000000000077e-09 8.697291305702596923e-15
2.820890000000000172e-09 8.213652560356446005e-15
2.988179999999999911e-09 7.430988839464771968e-15
3.165399999999999843e-09 6.888436861309682793e-15
3.353129999999999980e-09 6.451568202557421146e-15
3.551989999999999849e-09 6.446350444418143530e-15
3.762639999999999737e-09 6.033530907271462540e-15
3.985790000000000150e-09 5.542777037189930975e-15
4.222170000000000114e-09 5.584661404798862612e-15
4.472569999999999993e-09 5.119759154589207335e-15
4.737819999999999672e-09 5.094049837212038597e-15
5.018800000000000081e-09 4.859630194263756519e-15
5.316449999999999772e-09 4.776715274014141698e-15
5.631740000000000241e-09 4.369644757653647300e-15
5.965740000000000122e-09 4.364967748994257584e-15
6.319540000000000286e-09 4.373140655606962775e-15
6.694330000000000394e-09 4.239812704898943829e-15
7.091339999999999626e-09 4.205109869856255573e-15
7.511899999999999258e-09 4.221569525077431994e-15
7.957399999999999839e-09 4.195997766778480554e-15
8.429320000000000004e-09 4.146628287947932583e-15
8.929230000000000607e-09 4.116721046976889546e-15
9.458789999999999759e-09 4.223538042920887223e-15
1.001980000000000049e-08 3.899529492721204658e-15
1.061399999999999995e-08 4.073394680754922981e-15
1.124350000000000072e-08 4.051764701559371460e-15
1.191030000000000012e-08 4.151015948201415370e-15
1.261659999999999963e-08 4.052684924358480283e-15
1.336490000000000045e-08 4.373482181594260894e-15
1.415749999999999955e-08 4.248682893735716014e-15
1.499710000000000067e-08 4.244570351638667823e-15
1.588650000000000134e-08 4.369644757653647300e-15
1.682869999999999835e-08 4.670975033613431938e-15
1.782669999999999842e-08 4.682411410771431060e-15
1.888390000000000011e-08 4.715178931886095060e-15
2.000389999999999955e-08 5.068814861483895024e-15
2.119020000000000071e-08 5.125071781058289985e-15
2.244690000000000031e-08 4.987702439500576624e-15
2.377820000000000046e-08 5.502647733682394818e-15
2.518839999999999876e-08 5.706756945257964046e-15
2.668220000000000119e-08 5.785829698150473443e-15
2.826460000000000019e-08 6.169951565531126358e-15
2.994089999999999780e-08 8.715553459190070553e-15
3.171649999999999816e-08 1.691122847104845740e-13
3.359750000000000025e-08 9.473029638518503533e-15
3.559000000000000304e-08 6.971067176569882514e-15
3.770069999999999824e-08 7.414197145089277931e-15
3.993660000000000041e-08 7.556452205631952082e-15
4.230509999999999942e-08 8.145679402051127073e-15
4.481400000000000014e-08 8.265118629275685999e-15
4.747179999999999896e-08 9.194448788045969809e-15
5.028720000000000311e-08 8.632685973105356671e-15
5.326949999999999932e-08 9.158920598533978553e-15
5.642869999999999892e-08 9.931006500652388229e-15
5.977520000000000178e-08 1.146986567842012730e-14
6.332030000000000353e-08 1.742138291457512362e-14
6.707549999999999735e-08 1.208674699297747263e-14
7.105349999999999498e-08 1.346622737667272590e-14
7.526740000000000335e-08 1.335281228839078816e-14
7.973119999999999863e-08 1.562699589047747706e-14
8.445980000000000565e-08 1.621641282355626212e-14
8.946870000000000228e-08 1.563596094764405428e-14
9.477480000000000239e-08 1.781873891396357946e-14
1.003949999999999934e-07 1.882050104254001876e-14
1.063499999999999961e-07 1.925566207135579139e-14
1.126570000000000009e-07 1.938406635574692753e-14
1.193380000000000062e-07 2.136501195040620508e-14
1.264150000000000107e-07 2.315299536224200716e-14
1.339129999999999895e-07 2.252468241394315217e-14
1.418539999999999943e-07 2.455676203836735209e-14
1.502670000000000048e-07 2.610733745486601907e-14
1.591789999999999988e-07 2.745902141792838498e-14
1.686190000000000093e-07 3.021319133466373575e-14
1.786189999999999929e-07 3.158441817366595113e-14
1.892129999999999884e-07 3.284730538003079331e-14
2.004340000000000066e-07 3.480239935481819140e-14
2.123210000000000124e-07 3.900065498784603885e-14
2.249129999999999970e-07 3.773084239340542609e-14
2.382510000000000070e-07 4.283935965091273462e-14
2.523810000000000151e-07 4.527330152039113419e-14
2.673489999999999940e-07 4.497788154137819760e-14
2.832039999999999993e-07 4.880975568469893098e-14
2.999999999999999864e-07 5.290996489887325607e-14
