1.000000000000000062e-09 5.083709189263287608e-15
1.059309999999999933e-09 4.523767846254933475e-15
1.122129999999999929e-09 3.993629389054835264e-15
1.188680000000000077e-09 4.014434013781082995e-15
1.259169999999999902e-09 3.422479352880013693e-15
1.333849999999999897e-09 3.279005234299344865e-15
1.412960000000000051e-09 2.851106376130150294e-15
1.496750000000000027e-09 2.522017626869407806e-15
1.585519999999999918e-09 2.409385202308360409e-15
1.679550000000000058e-09 2.451895700894003688e-15
1.779160000000000089e-09 2.087501702696311772e-15
1.884669999999999862e-09 1.894691309200525158e-15
1.996440000000000191e-09 1.803261956350907027e-15
2.114849999999999992e-09 1.839928565820559470e-15
2.240270000000000164e-09 1.637019438617025096e-15
2.373130000000000055e-09 1.655537736594971133e-15
2.513870000000000130e-09 1.561679754502343362e-15
2.662960000000000077e-09 1.757758361959913963e-15
2.820890000000000172e-09 1.653649856831850577e-15
2.988179999999999911e-09 1.614279499962754095e-15
3.165399999999999843e-09 1.618894844207770342e-15
3.353129999999999980e-09 1.590524470179569435e-15
3.551989999999999849e-09 1.620991434296461774e-15
3.762639999999999737e-09 1.832543066345235661e-15
3.985790000000000150e-09 1.546216216744120184e-15
4.222170000000000114e-09 1.589884108953385264e-15
4.472569999999999993e-09 1.692707148212590252e-15
4.737819999999999672e-09 1.722514777437337215e-15
5.018800000000000081e-09 1.637289813356969441e-15
5.316449999999999772e-09 1.615811623489105776e-15
5.631740000000000241e-09 1.734155121504417159e-15
5.965740000000000122e-09 1.884322200752833053e-15
6.319540000000000286e-09 1.821832431910245437e-15
6.694330000000000394e-09 2.016179692348873590e-15
7.091339999999999626e-09 2.010378493981295019e-15
7.511899999999999258e-09 2.173291133339019494e-15
7.957399999999999839e-09 2.222376007180153549e-15
8.429320000000000004e-09 2.402602116727299350e-15
8.929230000000000607e-09 2.543780421726686767e-15
9.458789999999999759e-09 2.790115526898482991e-15
1.001980000000000049e-08 2.821431562567130772e-15
1.061399999999999995e-08 2.988456744021903832e-15
1.124350000000000072e-08 3.032395010971113650e-15
1.191030000000000012e-08 3.306725760268380308e-15
1.261659999999999963e-08 3.716661300188988682e-15
1.336490000000000045e-08 3.667609630263285995e-15
1.415749999999999955e-08 3.880826201500139201e-15
1.499710000000000067e-08 4.114866371129201146e-15
1.588650000000000134e-08 4.213619559039769421e-15
1.682869999999999835e-08 4.682378206855998510e-15
1.782669999999999842e-08 4.938940117980780077e-15
1.888390000000000011e-08 4.911855209821436779e-15
2.000389999999999955e-08 5.542350129705809114e-15
2.119020000000000071e-08 6.065216929426349161e-15
2.244690000000000031e-08 5.929602651970028915e-15
2.377820000000000046e-08 6.379515706070484997e-15
2.518839999999999876e-08 7.318427566151077952e-15
2.668220000000000119e-08 7.391144140946650123e-15
2.826460000000000019e-08 7.843713508281647925e-15
2.994089999999999780e-08 1.205558274663651290e-14
3.171649999999999816e-08 2.295557436791770019e-13
3.359750000000000025e-08 1.225589722501988159e-14
3.559000000000000304e-08 9.278549562418145968e-15
3.770069999999999824e-08 1.031621935382579982e-14
3.993660000000000041e-08 1.095264354432298831e-14
4.230509999999999942e-08 1.132884390616491542e-14
4.481400000000000014e-08 1.150107735892598796e-14
4.747179999999999896e-08 1.258793637933756101e-14
5.028720000000000311e-08 1.352058692965101940e-14
5.326949999999999932e-08 1.414961139042341372e-14
5.642869999999999892e-08 1.513249472136864510e-14
5.977520000000000178e-08 1.582228234738117741e-14
6.332030000000000353e-08 3.040174214015127243e-14
6.707549999999999735e-08 1.807810892765059080e-14
7.105349999999999498e-08 1.928677888353184545e-14
7.526740000000000335e-08 1.962484217679214921e-14
7.973119999999999863e-08 2.045674256085264338e-14
8.445980000000000565e-08 2.278319861266191821e-14
8.946870000000000228e-08 2.196690406885435358e-14
9.477480000000000239e-08 2.358061435883828123e-14
1.003949999999999934e-07 2.679005739030806536e-14
1.063499999999999961e-07 2.899569862411061302e-14
1.126570000000000009e-07 2.910280496846051762e-14
1.193380000000000062e-07 3.062691212094356456e-14
1.264150000000000107e-07 3.238586582385902332e-14
1.339129999999999895e-07 3.429940747019181686e-14
1.418539999999999943e-07 3.502126059167845040e-14
1.502670000000000048e-07 4.013570711979857193e-14
1.591789999999999988e-07 4.261480631426417363e-14
1.686190000000000093e-07 4.625789248127285932e-14
1.786189999999999929e-07 4.526405185823514187e-14
1.892129999999999884e-07 4.835106731009151011e-14
2.004340000000000066e-07 5.639827338580499691e-14
2.123210000000000124e-07 5.431496486328606958e-14
2.249129999999999970e-07 6.094768414160623324e-14
2.382510000000000070e-07 6.048235498391244742e-14
2.523810000000000151e-07 6.787686695056718569e-14
2.673489999999999940e-07 7.034628957539267400e-14
2.832039999999999993e-07 7.459639075065898315e-14
2.999999999999999864e-07 8.888118951105459132e-14
