1.000000000000000062e-09 4.623355875467785726e-14
1.059309999999999933e-09 4.197885646541601188e-14
1.122129999999999929e-09 3.754546967696635329e-14
1.188680000000000077e-09 3.383493212746628581e-14
1.259169999999999902e-09 3.124360369884130140e-14
1.333849999999999897e-09 2.809032271861610325e-14
1.412960000000000051e-09 2.540403109185626796e-14
1.496750000000000027e-09 2.257078842222841094e-14
1.585519999999999918e-09 2.120141151565739529e-14
1.679550000000000058e-09 1.950212999218931821e-14
1.779160000000000089e-09 1.734283193749654033e-14
1.884669999999999862e-09 1.642237196756302713e-14
1.996440000000000191e-09 1.513073965726725357e-14
2.114849999999999992e-09 1.389071571838542755e-14
2.240270000000000164e-09 1.277292962245741052e-14
2.373130000000000055e-09 1.205643656160475663e-14
2.513870000000000130e-09 1.142385453846467671e-14
2.662960000000000077e-09 1.072856454932345564e-14
2.820890000000000172e-09 9.936413995451276701e-15
2.988179999999999911e-09 9.434228491628235476e-15
3.165399999999999843e-09 9.041473606235325326e-15
3.353129999999999980e-09 8.585678715686954816e-15
3.551989999999999849e-09 8.146485782854469856e-15
3.762639999999999737e-09 7.645391264824186513e-15
3.985790000000000150e-09 7.432601601071457533e-15
4.222170000000000114e-09 7.149561939098087247e-15
4.472569999999999993e-09 6.879519238308008091e-15
4.737819999999999672e-09 6.675267724237733680e-15
5.018800000000000081e-09 6.286639611191338531e-15
5.316449999999999772e-09 6.191391808067067813e-15
5.631740000000000241e-09 5.964751368162800826e-15
5.965740000000000122e-09 5.760025512443498883e-15
6.319540000000000286e-09 5.840284119458573562e-15
6.694330000000000394e-09 5.641819573506405389e-15
7.091339999999999626e-09 5.515786997360395076e-15
7.511899999999999258e-09 5.507343716007744752e-15
7.957399999999999839e-09 5.490172548313030582e-15
8.429320000000000004e-09 5.412380517872888345e-15
8.929230000000000607e-09 5.459909551105219459e-15
9.458789999999999759e-09 5.287106888365318298e-15
1.001980000000000049e-08 5.353467285063951664e-15
1.061399999999999995e-08 5.494299320659550316e-15
1.124350000000000072e-08 5.395683691827200129e-15
1.191030000000000012e-08 5.399051517535278809e-15
1.261659999999999963e-08 5.391841524470094706e-15
1.336490000000000045e-08 5.459435209456194293e-15
1.415749999999999955e-08 5.414135581974282248e-15
1.499710000000000067e-08 5.564549318880191623e-15
1.588650000000000134e-08 5.607809277271294665e-15
1.682869999999999835e-08 5.647084765810585522e-15
1.782669999999999842e-08 5.661409883611148696e-15
1.888390000000000011e-08 5.851431148210665755e-15
2.000389999999999955e-08 5.774018591089743651e-15
2.119020000000000071e-08 5.965652617295948642e-15
2.244690000000000031e-08 6.187881679864280794e-15
2.377820000000000046e-08 6.586945309189229599e-15
2.518839999999999876e-08 7.361592656212377538e-15
2.668220000000000119e-08 8.388162853032837765e-15
2.826460000000000019e-08 1.003023877362847350e-14
2.994089999999999780e-08 1.259998465722280181e-14
3.171649999999999816e-08 2.305134394685589544e-13
3.359750000000000025e-08 1.285565480604741369e-14
3.559000000000000304e-08 1.120461382828520390e-14
3.770069999999999824e-08 8.878110342311024970e-15
3.993660000000000041e-08 8.159435309872858470e-15
4.230509999999999942e-08 7.926960467685580362e-15
4.481400000000000014e-08 8.160004519851690247e-15
4.747179999999999896e-08 8.408227504786605449e-15
5.028720000000000311e-08 8.792681411321575191e-15
5.326949999999999932e-08 9.465772211288415336e-15
5.642869999999999892e-08 1.089040991997087388e-14
5.977520000000000178e-08 1.296641358109481208e-14
6.332030000000000353e-08 1.665366095562774547e-14
6.707549999999999735e-08 1.417792958687022088e-14
7.105349999999999498e-08 1.269442607954372974e-14
7.526740000000000335e-08 1.294824629593714506e-14
7.973119999999999863e-08 1.385006463906396292e-14
8.445980000000000565e-08 1.398529944320106461e-14
8.946870000000000228e-08 1.491050282962482632e-14
9.477480000000000239e-08 1.616921582947824704e-14
1.003949999999999934e-07 1.615560222415122635e-14
1.063499999999999961e-07 1.716666144904856207e-14
1.126570000000000009e-07 1.847333038961843497e-14
1.193380000000000062e-07 2.046324104144428658e-14
1.264150000000000107e-07 2.188090592788607360e-14
1.339129999999999895e-07 2.238366064168794345e-14
1.418539999999999943e-07 2.404048858756826659e-14
1.502670000000000048e-07 2.498115551175025187e-14
1.591789999999999988e-07 2.674523210447517927e-14
1.686190000000000093e-07 2.907249453708780162e-14
1.786189999999999929e-07 2.993114779015332463e-14
1.892129999999999884e-07 3.210007498032130549e-14
2.004340000000000066e-07 3.312318248310388043e-14
2.123210000000000124e-07 3.515308013594256458e-14
2.249129999999999970e-07 3.668155123159664936e-14
2.382510000000000070e-07 3.964253410730701359e-14
2.523810000000000151e-07 4.296966130189996827e-14
2.673489999999999940e-07 4.582994144552226922e-14
2.832039999999999993e-07 4.679589077959730690e-14
2.999999999999999864e-07 4.817793260819728975e-14
