1.000000000000000062e-09 1.194942508558466139e-15
1.059309999999999933e-09 1.081712413519647033e-15
1.122129999999999929e-09 9.461930043931312279e-16
1.188680000000000077e-09 8.694255519148836451e-16
1.259169999999999902e-09 8.205256713168698986e-16
1.333849999999999897e-09 7.546064123518299365e-16
1.412960000000000051e-09 6.571624073925713182e-16
1.496750000000000027e-09 6.374440250425914141e-16
1.585519999999999918e-09 5.625881694099156454e-16
1.679550000000000058e-09 5.117197709684471635e-16
1.779160000000000089e-09 5.221552872470027911e-16
1.884669999999999862e-09 4.609139856246499445e-16
1.996440000000000191e-09 4.599942371671898712e-16
2.114849999999999992e-09 4.292426680608825316e-16
2.240270000000000164e-09 3.964447890806802013e-16
2.373130000000000055e-09 4.059358911360265061e-16
2.513870000000000130e-09 3.988852768649151249e-16
2.662960000000000077e-09 3.926827854622608492e-16
2.820890000000000172e-09 3.660167209790080152e-16
2.988179999999999911e-09 3.914300491671852178e-16
3.165399999999999843e-09 3.979973092979398758e-16
3.353129999999999980e-09 3.908532497219704481e-16
3.551989999999999849e-09 3.936414299349408777e-16
3.762639999999999737e-09 3.844192795945918815e-16
3.985790000000000150e-09 3.603720553556074040e-16
4.222170000000000114e-09 4.084470558259662090e-16
4.472569999999999993e-09 3.821372219211313930e-16
4.737819999999999672e-09 3.943576858249690758e-16
5.018800000000000081e-09 4.068290764611411503e-16
5.316449999999999772e-09 4.028436579260308760e-16
5.631740000000000241e-09 4.115165206368086705e-16
5.965740000000000122e-09 4.360646496571637926e-16
6.319540000000000286e-09 4.605330892804826769e-16
6.694330000000000394e-09 5.018344910027607288e-16
7.091339999999999626e-09 5.257840008620460024e-16
7.511899999999999258e-09 5.314144362359758093e-16
7.957399999999999839e-09 5.807886584830147219e-16
8.429320000000000004e-09 6.103401432172882925e-16
8.929230000000000607e-09 6.509105844584185436e-16
9.458789999999999759e-09 7.255055521841303724e-16
1.001980000000000049e-08 7.217203058249089548e-16
1.061399999999999995e-08 7.660902236747313785e-16
1.124350000000000072e-08 7.924588759440454925e-16
1.191030000000000012e-08 8.865872327766174106e-16
1.261659999999999963e-08 9.013677185602443489e-16
1.336490000000000045e-08 9.206070158447088352e-16
1.415749999999999955e-08 1.016461976279732950e-15
1.499710000000000067e-08 1.092389844039205693e-15
1.588650000000000134e-08 1.118720548976597793e-15
1.682869999999999835e-08 1.206530675044153118e-15
1.782669999999999842e-08 1.279640953408415979e-15
1.888390000000000011e-08 1.320571894302805652e-15
2.000389999999999955e-08 1.401874052945734317e-15
2.119020000000000071e-08 1.543256324854202556e-15
2.244690000000000031e-08 1.561086827441061904e-15
2.377820000000000046e-08 1.664986622243554415e-15
2.518839999999999876e-08 1.800558208951462791e-15
2.668220000000000119e-08 1.918674022975241897e-15
2.826460000000000019e-08 2.039986899713451412e-15
2.994089999999999780e-08 3.098366447517545986e-15
3.171649999999999816e-08 6.393413916386924732e-14
3.359750000000000025e-08 3.044993525169223641e-15
3.559000000000000304e-08 2.525494551156763062e-15
3.770069999999999824e-08 2.721340731206311135e-15
3.993660000000000041e-08 2.791998663245113295e-15
4.230509999999999942e-08 3.010589525365422424e-15
4.481400000000000014e-08 3.081043490495143763e-15
4.747179999999999896e-08 3.311635196335792356e-15
5.028720000000000311e-08 3.498478371886841197e-15
5.326949999999999932e-08 3.644561369537149227e-15
5.642869999999999892e-08 4.137848224024474391e-15
5.977520000000000178e-08 4.238807100603011265e-15
6.332030000000000353e-08 6.933926225451204904e-15
6.707549999999999735e-08 4.775434551561773749e-15
7.105349999999999498e-08 4.910527053204167102e-15
7.526740000000000335e-08 5.300862796187051272e-15
7.973119999999999863e-08 5.431828525482924101e-15
8.445980000000000565e-08 5.986571084017961625e-15
8.946870000000000228e-08 6.464327992916200482e-15
9.477480000000000239e-08 6.624181128637712242e-15
1.003949999999999934e-07 7.236271592539903397e-15
1.063499999999999961e-07 7.394179927500411186e-15
1.126570000000000009e-07 7.766395819490531642e-15
1.193380000000000062e-07 8.148478017780375554e-15
1.264150000000000107e-07 8.782103592548313986e-15
1.339129999999999895e-07 9.282866071424278135e-15
1.418539999999999943e-07 9.775090400617787716e-15
1.502670000000000048e-07 1.059204902273398758e-14
1.591789999999999988e-07 1.105301423725672924e-14
1.686190000000000093e-07 1.176177552923026819e-14
1.786189999999999929e-07 1.261060991016096711e-14
1.892129999999999884e-07 1.376923682207006041e-14
2.004340000000000066e-07 1.430951196030982721e-14
2.123210000000000124e-07 1.467171924350551351e-14
2.249129999999999970e-07 1.557989376472927017e-14
2.382510000000000070e-07 1.631066450921757999e-14
2.523810000000000151e-07 1.758218473359468650e-14
2.673489999999999940e-07 1.827927722100220005e-14
2.832039999999999993e-07 1.949733914153415930e-14
2.999999999999999864e-07 2.119439125925182283e-14
