1e-09  1.42871222018e-13
1.0192593087e-09  1.41356933922e-13
1.03888953837e-09  1.39722192225e-13
1.0588978327e-09  1.37966996929e-13
1.07929147294e-09  1.36091348032e-13
1.10007788059e-09  1.34095245536e-13
1.12126462009e-09  1.31978689439e-13
1.14285940154e-09  1.29741679741e-13
1.16487008356e-09  1.27384216444e-13
1.18730467609e-09  1.24906299547e-13
1.21017134337e-09  1.22307929049e-13
1.23347840685e-09  1.19589104952e-13
1.25723434826e-09  1.16749827254e-13
1.28144781269e-09  1.13790095956e-13
1.30612761169e-09  1.10709911057e-13
1.33128272657e-09  1.07509272559e-13
1.35692231157e-09  1.04188180461e-13
1.38305569725e-09  1.00746634762e-13
1.40969239387e-09  9.44686899482e-14
1.43684209486e-09  8.76322815105e-14
1.46451468031e-09  7.94343155952e-14
1.49272022064e-09  7.79960342687e-14
1.52146898017e-09  7.15201745572e-14
1.55077142094e-09  6.63005510602e-14
1.58063820645e-09  5.87539953606e-14
1.61108020562e-09  6.0051195628e-14
1.64210849664e-09  5.61980335382e-14
1.67373437109e-09  5.22928124375e-14
1.70596933803e-09  4.88873594771e-14
1.73882512814e-09  4.83144250085e-14
1.77231369806e-09  4.09909497034e-14
1.80644723468e-09  4.9378088766e-14
1.84123815963e-09  4.7011546965e-14
1.87669913373e-09  4.86546385012e-14
1.91284306169e-09  4.77004430886e-14
1.94968309671e-09  4.84715949134e-14
1.98723264533e-09  4.88989258509e-14
2.02550537231e-09  4.88987771861e-14
2.06451520555e-09  4.9886642429e-14
2.10427634121e-09  4.96965259128e-14
2.14480324885e-09  4.96383462019e-14
2.18611067672e-09  4.8000684641e-14
2.2282136571e-09  4.91786441356e-14
2.27112751177e-09  4.8824958997e-14
2.31486785762e-09  4.51162636023e-14
2.35945061229e-09  4.46917460997e-14
2.40489199999e-09  4.56371319779e-14
2.45120855741e-09  4.36004926242e-14
2.49841713971e-09  4.45078959676e-14
2.54653492666e-09  4.42314387626e-14
2.59557942893e-09  4.35630857611e-14
2.64556849441e-09  4.23396990188e-14
2.69652031473e-09  4.10976091455e-14
2.74845343188e-09  3.94228563852e-14
2.80138674498e-09  3.80010411363e-14
2.85533951709e-09  3.52099315616e-14
2.91033138229e-09  3.39287115405e-14
2.9663823528e-09  3.14463816975e-14
3.02351282625e-09  3.23361005531e-14
3.08174359313e-09  3.26959629212e-14
3.14109584433e-09  3.2150022053e-14
3.20159117885e-09  3.12402392389e-14
3.2632516117e-09  2.98214237626e-14
3.32609958185e-09  2.78953983052e-14
3.39015796047e-09  2.61465568056e-14
3.45545005917e-09  2.72618979231e-14
3.52199963856e-09  2.71964203347e-14
3.58983091684e-09  2.75820264716e-14
3.65896857864e-09  2.58748821717e-14
3.72943778402e-09  2.49405576366e-14
3.80126417758e-09  2.58331253867e-14
3.87447389783e-09  2.47970715273e-14
3.94909358668e-09  2.31568969e-14
4.02515039915e-09  2.1178210244e-14
4.10267201325e-09  1.97910593279e-14
4.18168664005e-09  1.76834770537e-14
4.26222303394e-09  1.60188303693e-14
4.3443105031e-09  1.35896208771e-14
4.42797892017e-09  1.45936729599e-14
4.51325873311e-09  1.3831445285e-14
4.60018097629e-09  1.47606778387e-14
4.68877728179e-09  1.35305068978e-14
4.77907989088e-09  1.21504136355e-14
4.87112166581e-09  1.04628566147e-14
4.96493610168e-09  9.20644880678e-15
5.06055733874e-09  8.29083537441e-15
5.15802017472e-09  9.29533101543e-15
5.25736007755e-09  8.74424273835e-15
5.35861319823e-09  8.85315091678e-15
5.46181638402e-09  8.42476762977e-15
5.56700719182e-09  8.24195906104e-15
5.67422390186e-09  8.00899665661e-15
5.78350553162e-09  7.9703048763e-15
5.89489185003e-09  8.09896720194e-15
6.00842339192e-09  7.705352967e-15
6.12414147282e-09  7.55629099531e-15
6.24208820397e-09  7.03561194261e-15
6.36230650763e-09  7.82691387775e-15
6.4848401327e-09  7.73131111489e-15
6.60973367069e-09  7.44119857851e-15
6.73703257187e-09  7.55502745561e-15
6.8667831619e-09  7.62630060827e-15
6.99903265859e-09  7.48772510573e-15
7.13382918916e-09  7.5478260644e-15
7.27122180773e-09  7.71490236012e-15
7.41126051315e-09  7.35163304579e-15
7.55399626723e-09  7.23094290998e-15
7.69948101326e-09  6.95924208972e-15
7.84776769493e-09  7.18502221426e-15
7.99891027557e-09  7.1512300234e-15
8.15296375783e-09  7.00651359451e-15
8.30998420366e-09  6.83249615919e-15
8.47002875473e-09  6.83758848782e-15
8.63315565322e-09  6.79109977164e-15
8.799424263e-09  6.74228901953e-15
8.96889509127e-09  7.06136077999e-15
9.14162981053e-09  7.2834355924e-15
9.31769128107e-09  7.45794511135e-15
9.49714357382e-09  7.40701322728e-15
9.68005199368e-09  7.52409551369e-15
9.86648310326e-09  7.24721927727e-15
1.00565047471e-08  7.11590499448e-15
1.02501860765e-08  7.41136028877e-15
1.04475975744e-08  7.29194501438e-15
1.06488110812e-08  7.95259669529e-15
1.08538998211e-08  8.02369528136e-15
1.10629384284e-08  9.06045362851e-15
1.12760029747e-08  9.41144957395e-15
1.14931709969e-08  1.01292848071e-14
1.17145215251e-08  1.10263984182e-14
1.19401351114e-08  1.12392363531e-14
1.21700938594e-08  1.14992989739e-14
1.2404481454e-08  1.08190670975e-14
1.26433831916e-08  1.09143531791e-14
1.28868860115e-08  9.83196503055e-15
1.31350785273e-08  1.06966786834e-14
1.33880510595e-08  1.03920653978e-14
1.36458956678e-08  1.12638082405e-14
1.39087061849e-08  1.07395158588e-14
1.41765782509e-08  1.04803213829e-14
1.44496093478e-08  1.25264736495e-14
1.47278988348e-08  1.3435707131e-14
1.5011547985e-08  1.47785568913e-14
1.53006600217e-08  1.38003651282e-14
1.55953401564e-08  1.45777664954e-14
1.58956956267e-08  1.1749232797e-14
1.62018357358e-08  1.28881512666e-14
1.65138718917e-08  1.19689145786e-14
1.68319176483e-08  1.17545714921e-14
1.71560887463e-08  1.36700648738e-14
1.74865031556e-08  1.41851889639e-14
1.78232811179e-08  1.31003591333e-14
1.8166545191e-08  1.1783632983e-14
1.85164202929e-08  1.17087434812e-14
1.88730337473e-08  1.34998000618e-14
1.92365153304e-08  1.51701375199e-14
1.96069973174e-08  1.52476642255e-14
1.99846145314e-08  1.61365415738e-14
2.0369504392e-08  1.52248837289e-14
2.07618069651e-08  1.44106290475e-14
2.11616650146e-08  1.36331636373e-14
2.15692240537e-08  1.20184453401e-14
2.19846323982e-08  1.18335100952e-14
2.24080412202e-08  1.2610970105e-14
2.28396046035e-08  1.34197811004e-14
2.32794795991e-08  1.43014741869e-14
2.37278262831e-08  1.37214389081e-14
2.41848078142e-08  1.20500531478e-14
2.46505904938e-08  1.09322192074e-14
2.51253438258e-08  1.00810675668e-14
2.56092405787e-08  1.23952598704e-14
2.61024568486e-08  1.63634614495e-14
2.66051721228e-08  1.37805030275e-14
2.71175693458e-08  1.41800635041e-14
2.7639834985e-08  1.65456650082e-14
2.81721590994e-08  1.92286400793e-14
2.87147354082e-08  2.07180416768e-14
2.92677613617e-08  3.11024112566e-14
2.98314382127e-08  4.20679149189e-14
3.04059710902e-08  1.97152541114e-14
3.09915690738e-08  2.88383399671e-14
3.15884452697e-08  2.29808292076e-14
3.21968168885e-08  4.6832809372e-13
3.28169053241e-08  1.95554942282e-14
3.34489362343e-08  4.37266500894e-14
3.40931396229e-08  2.93607815829e-14
3.47497499235e-08  3.47698267942e-14
3.54190060845e-08  3.25553964854e-14
3.61011516565e-08  2.39307555625e-14
3.67964348807e-08  2.45037106049e-14
3.75051087792e-08  2.65538912137e-14
3.8227431247e-08  3.22968211928e-14
3.89636651462e-08  2.45545654111e-14
3.97140784013e-08  2.25644041421e-14
4.0478944097e-08  5.14424512516e-14
4.12585405772e-08  4.84789992581e-14
4.20531515467e-08  2.17173718747e-14
4.28630661741e-08  1.71723205099e-14
4.36885791974e-08  1.60976133343e-14
4.45299910308e-08  2.13154072034e-14
4.53876078745e-08  2.46102761605e-14
4.62617418257e-08  2.61687546556e-14
4.71527109925e-08  2.09810368142e-14
4.80608396096e-08  1.68072421962e-14
4.8986458156e-08  3.8235922133e-14
4.99299034758e-08  2.41892968057e-14
5.08915189002e-08  2.387879634e-14
5.18716543729e-08  3.51611074864e-14
5.28706665772e-08  6.6661052104e-14
5.3888919066e-08  3.47876550729e-14
5.49267823938e-08  6.95263351345e-14
5.59846342518e-08  6.51755469149e-14
5.70628596054e-08  6.13450399606e-14
5.81618508338e-08  2.04841822102e-14
5.92820078736e-08  3.69500528835e-14
6.04237383636e-08  7.41865918593e-14
6.15874577935e-08  2.87800242542e-14
6.27735896552e-08  2.57945359847e-14
6.39825655966e-08  4.88524785368e-14
6.52148255789e-08  2.58472869751e-14
6.64708180365e-08  3.70576972379e-14
6.77510000406e-08  2.39087756335e-14
6.90558374651e-08  2.82756592085e-14
7.03858051564e-08  2.50502234753e-14
7.1741387106e-08  2.57602459854e-14
7.31230766269e-08  3.90689769273e-14
7.45313765327e-08  3.88040202543e-14
7.59667993212e-08  3.79019534769e-14
7.74298673603e-08  4.94546407962e-14
7.89211130784e-08  3.73768649018e-14
8.04410791581e-08  4.5085891857e-14
8.19903187338e-08  2.81799908527e-14
8.35693955927e-08  9.00757133539e-14
8.51788843803e-08  7.80641744883e-14
8.68193708093e-08  3.08757512368e-14
8.84914518729e-08  4.65780197075e-14
9.01957360618e-08  6.35271876303e-14
9.19328435861e-08  4.13219363494e-14
9.37034066004e-08  5.195510601e-14
9.55080694343e-08  4.91760300956e-14
9.73474888269e-08  2.3581802327e-14
9.92223341654e-08  3.99423327543e-14
1.01133287729e-07  3.89991237221e-14
1.03081044937e-07  9.68180359947e-14
1.05066314603e-07  4.24620759801e-14
1.0708981919e-07  7.78533674187e-14
1.09152295076e-07  5.4006064131e-14
1.11254492822e-07  1.07141118184e-13
1.13397177444e-07  1.36022473122e-13
1.1558112869e-07  1.38170208422e-13
1.17807141327e-07  8.65809232754e-14
1.20076025429e-07  3.5640554334e-14
1.2238860667e-07  6.75410850637e-14
1.24745726628e-07  3.44720904492e-14
1.27148243086e-07  9.20210683186e-14
1.2959703035e-07  1.0723205201e-13
1.32092979564e-07  3.29057560578e-14
1.34636999035e-07  3.491262121e-14
1.37230014562e-07  9.7693851355e-14
1.39872969775e-07  7.11335152936e-14
1.42566826479e-07  1.31100551307e-13
1.45312565e-07  1.17243433294e-13
1.48111184548e-07  6.82942489282e-14
1.50963703573e-07  1.47318229033e-13
1.53871160142e-07  6.60509955987e-14
1.56834612315e-07  4.66449861651e-14
1.59855138529e-07  1.37212198649e-13
1.62933837989e-07  1.81335257231e-13
1.66071831073e-07  8.542338499e-14
1.69270259734e-07  7.41399188951e-14
1.7253028792e-07  1.43514728256e-13
1.75853101995e-07  4.75331041798e-14
1.79239911172e-07  1.20190498458e-13
1.82691947953e-07  1.03557854025e-13
1.86210468575e-07  6.02286799482e-14
1.89796753473e-07  1.49394993184e-13
1.93452107738e-07  5.81229947571e-14
1.971778616e-07  5.10125591084e-14
2.00975370905e-07  9.72694174773e-14
2.04846017614e-07  8.3267112951e-14
2.08791210304e-07  1.71061388594e-13
2.12812384677e-07  1.66391516791e-13
2.16911004088e-07  1.21752012103e-13
2.21088560077e-07  8.77352474071e-14
2.25346572905e-07  9.10907660509e-14
2.29686592117e-07  1.78397646757e-13
2.34110197099e-07  1.20965164871e-13
2.38618997655e-07  1.71954067844e-13
2.43214634592e-07  7.1854263804e-14
2.4789878032e-07  1.32753407616e-13
2.52673139457e-07  1.00910138071e-13
2.5753944945e-07  1.25983582154e-13
2.62499481209e-07  1.37740405091e-13
2.67555039752e-07  1.31971742659e-13
2.72707964856e-07  2.23262590231e-13
2.77960131737e-07  2.9490006359e-13
2.8331345172e-07  1.0310006543e-13
2.88769872945e-07  2.7500955302e-13
2.94331381072e-07  1.20688569832e-13
3e-07  6.72801690327e-14
